0.25
0.25
0.25
0.293261544
0.2846092352
0.2788410293
0.2564826049
0.2397172842
0.2408598082
0.2548340899
0.2543946272
0.2540284082
0.2537185307
0.2645210678
0.2664344799
0.3004073249
0.3075586682
0.2945031976
0.2858172625
0.2839290895
0.2762914276
0.2749274497
0.2663609001
0.2569512685
0.2774005031
0.282276074
0.2781599015
0.2712248423
0.2619562417
0.2787837148
0.2715505287
0.2789845454
0.2906116016
0.3058877309
0.3054912397
0.2990266236
0.2919181378
0.2851438613
0.2808790979
0.2799933925
0.2849525034
0.2800257971
0.2843748614
0.2835138961
0.2973765307
0.3046625604
0.2987305881
0.2986052312
0.2968474694
0.2972251522
0.2915261412
0.2880181635
0.2863752923
0.2823484767
0.2806061467
0.2773035423
0.2829530189
0.2839145876
0.2877174495
0.2855166537
0.2872803793
0.2831375639
0.2799503968
0.2806111388
0.2763132258
0.2831616411
0.2792103936
0.2764725525
0.2843212083
0.2853675927
0.2825412669
0.2815271647
0.2840272507
0.2802449335
0.2808607264
0.2843189408
0.2806838325
0.2778175197
0.2763655382
0.2729418451
0.2715923956
0.2710747337
0.2723150123
0.271236741
0.27187344
0.2690517748
0.2660142356
0.2683526011
0.2739348199
0.2788677701
0.2836276333
0.2813582679
0.2786814909
0.2760739172
0.2758440635
0.2730798505
0.2724365634
0.276939809
0.2746581737
0.2728957944
0.2702649536
0.2692782425
0.2684489475
0.2662149326
0.263746305
0.2665081425
0.2654303914
0.2640572865
0.2643135401
0.2661778662
0.2694669127
0.2672254944
0.2728601765
0.2760333629
0.2748333731
0.273279207
0.2780989437
0.2760427828
0.2744131031
0.2745087722
0.2726243717
0.2713055633
0.2691932217
0.2686197151
0.2670997955
0.2650404146
0.2649594064
0.2649231958
0.2696147563
0.2687617394
0.2709516198
0.2751354063
0.2736960879
0.2762615344
0.2743376941
0.2734504452
0.2715636874
0.2741591496
0.2722211726
0.2729693011
0.2723160051
0.2754196125
0.273816402
0.2719843159
0.270968324
0.269129541
0.2677750437
0.2695248211
0.2713928856
0.269846652
0.2683760225
0.2710739777
0.2693545952
0.2691387748
0.2692276705
0.27053902
0.2696272548
0.2712146291
0.2708011523
0.2692807249
0.2685381757
0.2670114827
0.267038338
0.2674799196
0.2668611845
0.2699420017
0.2695781464
0.2712158824
0.273257821
0.2746040336
0.2745688839
0.2740337974
0.274115915
0.2768624816
0.2754348147
0.2777532674
0.2780253053
0.2781454828
0.2788345414
0.2814462077
0.2835893394
0.2837117293
0.2854542615
0.2845348786
0.2868632098
0.2863100333
0.2854060866
0.2849607926
0.2834935913
0.2838672526
0.2824920891
0.2820656895
0.2807514241
0.2830923689
0.283082594
0.2825106535
0.283246807
0.2844477025
0.2848058387
0.2837030448
0.2829078495
0.2817758654
0.2809050578
0.2806062205
0.2800002809
0.2793428021
0.2782193587
0.2784995195
0.278786784
0.2777456215
0.2767124712
0.2757424103
0.2747701419
0.27429597
0.2730962247
0.272480781
0.2735056163
0.2727930089
0.274563275
0.2737138915
0.2732271216
0.2726442884
0.272084767
0.2728765742
0.2719448658
0.2744087095
0.2751734405
0.2749674886
0.275552889
0.2749552093
0.2738191235
0.2737197763
0.2728558065
0.2717367818
0.2710670025
0.2704747283
0.2694267578
0.2700770854
0.2709364508
0.2698705045
0.2706515911
0.2718786984
0.2724758769
0.2722827363
0.2720124827
0.27118476
0.2706262481
0.2702536725
0.2694831533
0.2685642302
0.2682015337
0.2672589364
0.2667899388
0.2658544645
0.2649756264
0.2658239626
0.265479118
0.2648193727
0.2642548098
0.2633993394
0.2633572569
0.2624451408
0.2638017271
0.264822145
0.2639486241
0.2633829831
0.2624626316
0.2628301166
0.2630760364
0.2622606108
0.2613492868
0.2613580526
0.262124492
0.2621856015
0.2613079174
0.2606269457
0.2596993863
0.2589177151
0.2588829227
0.2601535408
0.2602059481
0.2611497737
0.2628730888
0.2625497625
0.2617593554
0.2611154654
0.2609435469
0.2601410169
0.2594331051
0.2594846716
0.2590477592
0.2582287142
0.2579908631
0.2584446369
0.2581820523
0.2577294098
0.2571573754
0.2564170301
0.2568675172
0.2562966551
0.2555670441
0.2548624057
0.2553195176
0.2546040284
0.2551597972
0.2550151019
0.2543266083
0.253532527
0.253949714
0.2535276044
0.2539299848
0.2538601788
0.2532156006
0.2525704649
0.2524059801
0.2525578336
0.2544189774
0.2536288605
0.2543328884
0.2541623057
0.2542369375
0.2545065256
0.2546821059
0.2540472443
0.2534269738
0.2527111647
0.2526767401
0.2521865114
0.2524080448
0.2522919054
0.2516607407
0.2509580366
0.2509791317
0.251215734
0.2504831735
0.2498644641
0.2492575516
0.2486465938
0.2481924674
0.2481366118
0.2491380871
0.2486705303
0.2484013484
0.2478393933
0.2473006591
0.2466133638
0.2459839513
0.245629052
0.2455854157
0.2469772745
0.2470009509
0.2466896371
0.2468488935
0.2484972767
0.2493569599
0.249081731
0.2494334059
0.2496013536
0.2496895703
0.2490569559
0.2486797602
0.2480353363
0.2475458513
0.2474707647
0.2476108656
0.2470358745
0.2486204451
0.2483654847
0.2483423416
0.2495281957
0.2494273529
0.2490268617
0.2497266256
0.2492763914
0.2489298276
0.2486271288
0.249352924
0.2505962351
0.2509491157
0.250382537
0.250673904
0.2501119735
0.249844825
0.2508993657
0.2505290468
0.2508570631
0.2518636342
0.2519364772
0.2524038743
0.2531512785
0.253029684
0.2528502842
0.25242527
0.2518948794
0.2518995095
0.2512819723
0.2509362779
0.2520407374
0.2516404622
0.2516866592
0.2525131269
0.252453805
0.2519260494
0.2515088334
0.2523887368
0.2521131057
0.2516955929
0.2517271132
0.2511576878
0.2516397246
0.2513321092
0.2508163148
0.2513108799
0.2509688568
0.2503825402
0.2506535022
0.2502307616
0.2502494043
0.2498885134
0.249813045
0.2495639045
0.2490663716
0.2504193154
0.2500743667
0.2503101598
0.2497893127
0.2494452489
0.2489000523
0.2500687014
0.2497405402
0.2493107023
0.2500564891
0.2502934436
0.2510233071
0.2509318122
0.2507572346
0.250577565
0.2500844479
0.2502313517
0.2500406748
0.250026342
0.2496162355
0.2493499361
0.2490572358
0.2485456022
0.2482911583
0.2488830591
0.2485040951
0.2480424494
0.2477898356
0.2482334399
0.2477949726
0.2472674029
0.2478661341
0.2473670294
0.2469094496
0.2475049707
0.2474505207
0.2469484874
0.2464463917
0.2460960087
0.2463016004
0.2471415389
0.2469537683
0.2464897473
0.2461535077
0.2466676141
0.246991237
0.2477217652
0.2476435998
0.2471499486
0.2476536928
0.2476014736
0.2471978578
0.2473060888
0.2473865706
0.2474380044
0.2475085854
0.2478646276
0.2476682619
0.247921032
0.248844411
0.2486791083
0.2484050514
0.2486384136
0.2483616037
0.2481090741
0.2477876463
0.247513598
0.2480409563
0.2477167904
0.2478815451
0.2475349872
0.2473091156
0.2475572556
0.247948873
0.2476012499
0.2477379902
0.247462584
0.2473963968
0.2471066892
0.2467343193
0.2469975918
0.2467248607
0.2465062733
0.246933102
0.2466743037
0.2462898648
0.2459490894
0.2459061516
0.2454846524
0.2463263631
0.2460004107
0.2461184494
0.2460076726
0.245640182
0.2452543162
0.2449334602
0.2447282773
0.245136576
0.2448560681
0.2445203912
0.2444725004
0.2444628664
0.2443300145
0.2438857289
0.2435488638
0.2434168216
0.2439105193
0.2437719364
0.2434002081
0.2432715891
0.2430951901
0.2434073803
0.2430085884
0.2426796222
0.2423054378
0.242226066
0.2420530115
0.2424674452
0.2430483277
0.2435080439
0.2435307057
0.2437133125
0.243369935
0.2430332429
0.2429244399
0.2430114522
0.2427832678
0.2427755605
0.2423816568
0.2419821335
0.24228524
0.2418930204
0.2421792762
0.2418730072
0.2416675397
0.2415928448
0.2419650893
0.2420745632
0.242749348
0.2427226221
0.2425365169
0.242662655
0.242327665
0.2423622963
0.2422507046
0.241862588
0.2415490397
0.241273404
0.2416625249
0.2416075112
0.2417641698
0.2424292969
0.2421762374
0.2426675809
0.2428104932
0.2431259024
0.242793299
0.2427848119
0.2431477806
0.2438258392
0.2435512804
0.2444547887
0.2442400841
0.2447945886
0.2452145106
0.2448284648
0.2446145839
0.244323149
0.2440940736
0.2437142627
0.2435733212
0.2436470909
0.2434622197
0.243085781
0.2428923717
0.2426955781
0.2424240297
0.2422540023
0.2423422379
0.2419543038
0.2422452907
0.243145029
0.243083974
0.2428113972
0.2425450138
0.2421806383
0.2418120062
0.2424134305
0.2424122308
0.2422291931
0.2421251992
0.2417840207
0.2415645104
0.2416872128
0.2417156347
0.2419551733
0.2417114481
0.2413494902
0.2410669876
0.2413474826
0.24117849
0.2420348175
0.2418554405
0.2424717925
0.2423156571
0.2421323393
0.242366292
0.2429956289
0.2432952914
0.2430165698
0.2427995318
0.2424383399
0.2421037995
0.2428813253
0.243486344
0.2434541171
0.2431436257
0.2436790844
0.2436407086
0.2434935034
0.2438823039
0.2441738874
0.2438285709
0.2438635599
0.2436011968
0.2433385872
0.2430428102
0.2427424352
0.2427630886
0.2427813222
0.2432858637
0.2429239735
0.2426845763
0.2426044373
0.2423696085
0.2420210754
0.2418077636
0.2418070941
0.2415664779
0.2412373196
0.2417692878
0.2414366584
0.241198757
0.2415839182
0.241300428
0.241587054
0.2413799789
0.2414163837
0.2419079823
0.2420742034
0.2426082816
0.2426842125
0.2424044539
0.242927158
0.2426949121
0.242387478
0.2420704558
0.2420413441
0.2417858549
0.2414580768
0.2413133313
0.2415348075
0.2414756061
0.2411764799
0.2411696974
0.2414321257
0.2413721821
0.2410856793
0.2409732336
0.2406888805
0.2408407128
0.2407113522
0.2407478399
0.2406485891
0.2408227214
0.241093197
0.2409355001
0.2409917144
0.2409401395
0.2406457368
0.2405268179
0.2403755638
0.2400454357
0.2398337581
0.2396267297
0.2398794747
0.2399650553
0.239636887
0.2394133252
0.2392160954
0.2389753412
0.2387499366
0.2386517681
0.2389193553
0.238769336
0.2387893226
0.23926387
0.239444576
0.2392796996
0.2391104673
0.2388170071
0.2385892019
0.238738284
0.2387419438
0.2385894385
0.238665332
0.2389575859
0.2387547951
0.2385189579
0.2390427964
0.239098398
0.2389955668
0.2394936644
0.2393149656
0.2394964438
0.239248039
0.2389912421
0.2387899431
0.2390397613
0.2391439985
0.239051337
0.238862705
0.2389411557
0.2386396763
0.238420811
0.2388400603
0.2387429075
0.2391035312
0.2388853234
0.239040732
0.2389000708
0.2387031962
0.2384140383
0.2387588795
0.2384992807
0.2386888704
0.2391062397
0.2388761551
0.2388810039
0.2389478539
0.238734443
0.238485741
0.2382625242
0.2381065645
0.2381384784
0.2385216932
0.2382701267
0.2382966516
0.2380459855
0.2377487478
0.2378938129
0.2381167641
0.2379508942
0.2378867707
0.2377632394
0.237712803
0.2380604815
0.2378095912
0.238043643
0.2378054123
0.2377382402
0.2376888814
0.2376866206
0.2373978729
0.23726759
0.2374669126
0.2376251086
0.2375289303
0.2373216717
0.2374229904
0.2373910071
0.2375790034
0.2374543609
0.237322394
0.2372835241
0.2370784115
0.2370102313
0.236976689
0.2367788765
0.2367963226
0.2373168608
0.2371232348
0.237034538
0.2371036588
0.2372312716
0.2369584912
0.236698891
0.2365190814
0.2362889809
0.2360746291
0.2358998875
0.2356556741
0.2356429237
0.2360555583
0.2357846797
0.2355661652
0.2353890376
0.2352169456
0.2350532917
0.2354384433
0.235230268
0.2350557209
0.2353737893
0.2355568845
0.2353594261
0.2352578271
0.2353874234
0.235669403
0.2355102582
0.2355870297
0.2358109001
0.2357556994
0.2355393544
0.2352931404
0.2352623115
0.2352414951
0.2352094501
0.2349657389
0.235092234
0.2350673802
0.2353069681
0.235326668
0.2356239385
0.2355679943
0.236255457
0.2363090796
0.2365358552
0.2366955291
0.236970012
0.2367818122
0.2368037679
0.236689482
0.2364882283
0.2366291739
0.2365320817
0.2363414564
0.2360736176
0.236587969
0.2365371221
0.2362912393
0.2361274393
0.2361303723
0.2367317544
0.2370817164
0.2370820867
0.2368758532
0.2366406235
0.2366165056
0.2364401462
0.2367991382
0.2366069594
0.2364701073
0.236264483
0.2364679823
0.2367420415
0.2366269219
0.2365761537
0.2365239998
0.2365159709
0.2365620169
0.2364853109
0.2362991941
0.2365145094
0.2364348935
0.2365668069
0.2364703016
0.2362414265
0.2362937402
0.2360633287
0.2358774173
0.2358128218
0.2358965699
0.2357996123
0.2357545228
0.2355183912
0.2355345177
0.2354591789
0.2354039778
0.2352074547
0.235231793
0.2355160545
0.2353560367
0.2352396729
0.2350862203
0.2351333634
0.2351206577
0.2350808188
0.2350870673
0.2350648438
0.235269923
0.2356119989
0.2354796108
0.2352643866
0.2351653473
0.2352567689
0.2350404877
0.2351487642
0.2349353728
0.2351681562
0.2350164909
0.2348193013
0.2349263679
0.2350283603
0.2350766056
0.2352272672
0.2351240991
0.2352026791
0.2349894406
0.2349282724
0.2349469173
0.2351327416
0.2350020255
0.2349617835
0.2347180047
0.2346072365
0.2344777097
0.2344551915
0.234595829
0.234493656
0.2343186444
0.234209796
0.2342250736
0.2340712961
0.2340203648
0.2338981479
0.2341083412
0.2339490107
0.2338083064
0.2336548432
0.2335985241
0.2334559233
0.2332485392
0.2330912608
0.2329577445
0.2331715632
0.2329967387
0.2328313538
0.2328285612
0.2330207643
0.2335268419
0.2333801768
0.2332752836
0.2333047751
0.2331351184
0.2334812274
0.2333512292
0.2333938918
0.2335137897
0.2332799574
0.2330698335
0.2330182732
0.233040857
0.2329048478
0.2327397456
0.2325767522
0.2325903923
0.2324624299
0.2325962776
0.2324387127
0.2322199942
0.2320289847
0.2318128633
0.231601798
0.2314749441
0.2314580447
0.2312798997
0.2311157254
0.2309435715
0.2310214762
0.2310096368
0.230812827
0.2307287276
0.2305408745
0.2304008749
0.2303588168
0.2301650883
0.2301213998
0.2302467686
0.2305519528
0.2305177007
0.2305313263
0.2309636006
0.2311484091
0.2309619102
0.2307457578
0.2307961242
0.2307529803
0.2307153683
0.2306230279
0.2304144048
0.2307814109
0.2306437665
0.2306792084
0.2304954146
0.2307279738
0.2305457251
0.2306979286
0.2305250061
0.230623295
0.2307918582
0.2306100108
0.230551619
0.2306363243
0.2305601662
0.2305977246
0.2309370956
0.2307567366
0.2306846728
0.2308571168
0.2307994353
0.2307696859
0.2306378801
0.2305737938
0.2306029048
0.2305227097
0.2303225576
0.2301330842
0.2299628271
0.23012627
0.230571116
0.230593836
0.2305420067
0.2306843902
0.2306456952
0.2306084011
0.2307264377
0.2307838812
0.2307994568
0.2307389583
0.230608516
0.2306542366
0.2308544884
0.2308299653
0.2307672711
0.2305731496
0.2306531088
0.2306617518
0.2304738392
0.2305999227
0.2305424257
0.2305411913
0.2306051635
0.2304908244
0.2303701007
0.2302643548
0.2303962693
0.230367088
0.2302953663
0.23014839
0.2301496109
0.2304594622
0.2304037136
0.230582033
0.2304243042
0.2302431013
0.2303078489
0.2303301483
0.2301350381
0.2300051096
0.2303172975
0.2301445107
0.2300077265
0.2298314229
0.2296444613
0.2299269437
0.2297889651
0.2298796412
0.2297059257
0.2295437912
0.2296262688
0.2295205247
0.2294994882
0.2293217836
0.2293804922
0.2292763204
0.2290911651
0.2292961385
0.2292690071
0.2293684741
0.2291990948
0.229007012
0.2290621651
0.2291250329
0.228943737
0.2288707508
0.2287051316
0.2290056591
0.2288325861
0.2290065416
0.2290906482
0.2288929902
0.2287252856
0.2285482422
0.2284809169
0.2289264206
0.2292978055
0.2292207638
0.2290751069
0.2291817266
0.2291359217
0.2289682499
0.2287954899
0.2286223806
0.2284879327
0.2283811778
0.2281907402
0.2280855949
0.2279935858
0.2279774758
0.2279024852
0.2277559619
0.2277508787
0.2276960702
0.2275407103
0.2274138204
0.2273462109
0.2275941036
0.2274226004
0.2277268036
0.2278608649
0.2276881339
0.227660683
0.2274963797
0.2274111879
0.2273320574
0.2272620645
0.2272911681
0.22713174
0.2271786017
0.2272105207
0.2271541784
0.2270102607
0.2269932807
0.2268727019
0.2267252603
0.2268715852
0.2268181162
0.2268872808
0.2267018216
0.2266915271
0.2265016883
0.2269046559
0.2271317155
0.2273174537
0.2273455275
0.2272666449
0.2274021021
0.2274200513
0.2272805938
0.2275667195
0.2275258544
0.2275778904
0.2274366015
0.2275199732
0.2273776374
0.2272438672
0.2275206836
0.2273384905
0.227265983
0.2274999869
0.2273575815
0.2275586858
0.2274023391
0.2272955114
0.2271415276
0.2270504217
0.2269784797
0.2269624776
0.2268192495
0.2266912376
0.2267103901
0.2268842018
0.2268324281
0.2268436361
0.2267004508
0.2265170801
0.2264261896
0.2262549568
0.2265811395
0.2264421709
0.2264081253
0.2262561471
0.226233362
0.2264861704
0.2267713806
0.2267282535
0.2267685411
0.2266736557
0.2265454373
0.2264478698
0.2265072143
0.2263763916
0.2262240038
0.2261863578
0.2261201119
0.226289686
0.2262952853
0.2261572429
0.2260481225
0.2262330705
0.2261040276
0.2260397852
0.2262446486
0.2261047568
0.2259256281
0.2258042227
0.2259191338
0.225822192
0.2258596568
0.2258441769
0.2257800356
0.2257813988
0.2259550432
0.2260619522
0.2259968286
0.2258974224
0.2258466691
0.226077032
0.2259753076
0.2260442203
0.2260542295
0.2258827494
0.2260498306
0.226138329
0.2261858109
0.2260665119
0.2259677508
0.2259048124
0.2261359897
0.2259827712
0.2259387837
0.2258748847
0.2257077666
0.2255669245
0.2254159688
0.2253241006
0.2255832817
0.2254794726
0.2253500917
0.2252453736
0.2253668386
0.2252305134
0.2252936177
0.2255683539
0.2256449387
0.2255075732
0.2253639318
0.2252142565
0.2252325791
0.2250816764
0.225374008
0.2253728208
0.225305964
0.2252556882
0.2250868576
0.2252229157
0.2251240978
0.2254014073
0.2252814392
0.2252970715
0.2252074171
0.2253536823
0.2255607776
0.2254622103
0.225452786
0.2256414335
0.2258533839
0.2257199883
0.2259430794
0.2257935409
0.2256672156
0.225608819
0.2258826598
0.2257323803
0.2256140133
0.2254805029
0.2253324701
0.2252059042
0.2253057434
0.2255820733
0.2254589698
0.2255061031
0.2254230287
0.2255535182
0.2254440892
0.2253191823
0.225542881
0.2256566503
0.2256296519
0.2255163634
0.2257078214
0.22554834
0.2256201531
0.2256148777
0.2258997058
0.2259201828
0.2257832042
0.2257623777
0.2257913008
0.2257523434
0.2259101408
0.2257962716
0.2256534787
0.2257997671
0.2260134904
0.2260622683
0.2264275913
0.2262794931
0.2264477183
0.2266984235
0.2265633449
0.2269559919
0.2271410265
0.2270350455
0.2269418256
0.2269977625
0.226932938
0.2269532847
0.2270562978
0.2272632574
0.2271872208
0.2270994601
0.2269994911
0.2271104009
0.2271677353
0.227324546
0.2272876506
0.22719064
0.2272189071
0.2273111166
0.2272062897
0.2273857519
0.2274239025
0.2276171402
0.2277467456
0.2276998999
0.2277179463
0.2276853518
0.2276976705
0.2276061175
0.2277595219
0.2276508159
0.227595696
0.2276806925
0.2277880019
0.227815692
0.2278524058
0.2277396612
0.2279200191
0.227850007
0.2279172007
0.2280362114
0.2279940269
0.2279160016
0.2279316039
0.2279432262
0.2278574854
0.227806811
0.2279070806
0.2279359437
0.2280929212
0.228128694
0.2280382204
0.2279793888
0.2279410711
0.2279569997
0.2278845113
0.2279933429
0.2280246152
0.227997042
0.2279831715
0.2279368319
0.2279537318
0.2279176218
0.2278905546
0.2278366873
0.2278380669
0.2279259276
0.2278871312
0.2279336785
0.2278722519
0.2278412654
0.227937554
0.2280632285
0.2280660034
0.228026857
0.2279910224
0.2279337093
0.2279229233
0.2279764183
0.2280065304
0.228001704
0.2280161991
0.2279995426
0.2280311423
0.2280038737
0.2280184247
0.2280957065
0.2281283055
0.2281033565
0.228121453
0.2281014138
0.2281707207
0.2281533253
0.2281248775
0.2280862731
