0.25
0.25
0.25
0.25
0.25
0.2287220097
0.2317617226
0.2340415072
0.2358146731
0.2372332058
0.2383938235
0.2393610048
0.2534476198
0.2532013613
0.2453117954
0.2447201963
0.23881141
0.2331106596
0.2213679933
0.2507995936
0.2774281844
0.2805414679
0.294087468
0.3005234763
0.2986394024
0.307215432
0.3086345772
0.3201626618
0.3132430756
0.3071741181
0.3056888633
0.2992376552
0.3106630585
0.3169658571
0.3184941131
0.3143878358
0.3089372086
0.30236722
0.3068328785
0.3026814325
0.2954056215
0.2891016543
0.2839374198
0.2775627145
0.2799341211
0.2866488289
0.2809185657
0.2783545808
0.2806828465
0.2793293884
0.2852548565
0.2900594217
0.3024674096
0.3061535485
0.3071129533
0.3087102196
0.3118688963
0.3230707491
0.327168829
0.3367386878
0.34449707
0.3533378937
0.3563230325
0.3543488881
0.3489103857
0.3509573859
0.3492632688
0.3492082296
0.3447592733
0.345565325
0.3483965075
0.3500817232
0.3519106732
0.3479602577
0.3528001544
0.348180047
0.3452037386
0.3412200632
0.338664688
0.3381456908
0.3411458956
0.3446649179
0.3426926317
0.338768188
0.3388986848
0.3371989443
0.3415606097
0.3397209919
0.3364049919
0.3349386096
0.3356231047
0.3384373484
0.3348414309
0.3322316988
0.3330434077
0.3296177164
0.3308597336
0.3290499343
0.3283601715
0.3273383332
0.3245927776
0.3276133678
0.3249655856
0.3242067412
0.3214095924
0.3224908462
0.3212921852
0.3203894356
0.3175361906
0.3176656434
0.3156056534
0.314047951
0.3122190956
0.3101188109
0.3091291009
0.3071408296
0.3045759015
0.3025959558
0.3017546621
0.3024177978
0.3070110262
0.307645362
0.3059356456
0.3050104694
0.3042719554
0.303990109
0.3053932684
0.303274073
0.3029644538
0.3006452889
0.302873655
0.3017547701
0.299764382
0.2989576988
0.2983976474
0.3011509211
0.303539637
0.3024080397
0.3022064523
0.300482344
0.3011505406
0.3031600127
0.3035672389
0.3035364415
0.3035951992
0.3071539659
0.3063808914
0.3053676972
0.3053878415
0.3048966389
0.304436908
0.3038082807
0.3058699461
0.3064056334
0.3080594037
0.3066746213
0.3060713955
0.3047477716
0.304505036
0.3034408897
0.3040263923
0.3030456006
0.3017184764
0.3008334283
0.3019370299
0.3026201899
0.3008803769
0.3001982746
0.3010647834
0.3004482721
0.3016200666
0.3004338672
0.2998383101
0.2989295098
0.2979884781
0.2965684899
0.2961799459
0.2948251848
0.2933303961
0.2927978583
0.2934234866
0.2932724007
0.2921693577
0.2953746675
0.2949624672
0.2942997346
0.2931623727
0.2955004393
0.2941827061
0.2938820188
0.2932888276
0.293104254
0.2918644839
0.2914029146
0.2902943612
0.2895693997
0.2900043482
0.2890593434
0.2908678041
0.2912064519
0.2934296536
0.2920993518
0.2918140278
0.2928939197
0.2920403053
0.2926070708
0.2918693118
0.290579832
0.2902480555
0.290397956
0.2894486578
0.289527447
0.2882155256
0.2905547541
0.29032574
0.2901205105
0.292099269
0.2919851758
0.2912532305
0.2903845943
0.2895279238
0.2893517627
0.2889952778
0.2888691971
0.2882730322
0.2876781457
0.2867986423
0.2867037049
0.2868390656
0.2863755293
0.2866293302
0.2871401735
0.2865843139
0.2873702196
0.2884778952
0.2885463225
0.2876547326
0.287301711
0.2861960397
0.2858547476
0.2855771309
0.2846637181
0.2843843751
0.2834995493
0.2826572635
0.2817742198
0.2807547997
0.280664288
0.281593452
0.2825272791
0.2839915337
0.2831500885
0.2841894992
0.2835396256
0.2844484111
0.2838389045
0.2832292173
0.2830789147
0.2823976384
0.2814719163
0.2828521509
0.2830219241
0.2827875787
0.2844658563
0.2852245372
0.2857832652
0.2851657072
0.2846995071
0.2838464071
0.2836913295
0.2838677012
0.2852090015
0.2851722805
0.2848316344
0.2844735421
0.2846326463
0.2839607845
0.284398577
0.2852967535
0.2859844094
0.2850845244
0.284404523
0.2850290161
0.2844269704
0.2841737955
0.2839090166
0.2839990863
0.2834479559
0.2834307948
0.2842499826
0.283411765
0.2839819952
0.283425053
0.2841773873
0.2836511049
0.2829419254
0.2821490963
0.2818134133
0.2812594511
0.2807414825
0.2800840419
0.2791962561
0.2796014038
0.2800645886
0.2792463069
0.2784378622
0.2791523535
0.2794909686
0.280667151
0.2800857676
0.2796073022
0.2790769667
0.2787064167
0.278326055
0.2792021473
0.2784692923
0.2787662358
0.2783246886
0.2776185188
0.2774582971
0.2770606317
0.2764836811
0.2758263507
0.2754073051
0.2748576925
0.2746632837
0.2749336299
0.2749279768
0.2742026226
0.2734773778
0.2726997752
0.2723934469
0.2733271424
0.2729908383
0.2727647771
0.2720511601
0.2716853243
0.2724594881
0.2721505068
0.2719002296
0.2712446489
0.2711583762
0.2713802547
0.2715031167
0.2717667371
0.2715206848
0.2708518586
0.2704253188
0.269818516
0.2699345411
0.2695264666
0.2694568883
0.2695330099
0.269068599
0.2686497419
0.269593858
0.2710086697
0.2713669128
0.271098155
0.2704645555
0.2699371053
0.2703808124
0.2701902236
0.2695228728
0.2689469385
0.2689712212
0.2691389019
0.268597483
0.2685356416
0.2679469738
0.2676005602
0.267724034
0.2671541677
0.2671029907
0.2669544677
0.2665764718
0.2663814074
0.2658625593
0.2657069789
0.265118785
0.2645346404
0.2641034783
0.263733793
0.2633977578
0.2630441436
0.2624434148
0.2624413979
0.2618435456
0.2612500015
0.2606122136
0.2600898384
0.260002524
0.260549688
0.260956181
0.2613628172
0.2616925856
0.2617757748
0.261198444
0.2616408404
0.2611806858
0.2608956671
0.2607745985
0.2603090926
0.259854371
0.2592741531
0.2591176103
0.2586800799
0.2585586172
0.2584401663
0.2584600602
0.2581587355
0.257697099
0.2579789547
0.257665271
0.2572605648
0.2568035269
0.2564562376
0.2563424103
0.2564865396
0.2559007552
0.2561432399
0.2559893166
0.2557911548
0.2552516953
0.2547960635
0.2558392582
0.2564958176
0.2559482119
0.2554210224
0.2562991021
0.2561952638
0.2564747815
0.257279088
0.2575290691
0.2571847147
0.2567556649
0.2562414929
0.2559097443
0.255884251
0.2564317534
0.2566664388
0.2565270457
0.2560013115
0.2554950061
0.255131567
0.2547954913
0.2545211257
0.2543758806
0.2540433002
0.2535887833
0.2533629404
0.253940117
0.2535813298
0.2542108262
0.2539737574
0.2543522485
0.25465104
0.2541292528
0.2541454209
0.254093112
0.2540176495
0.2535306396
0.2533317641
0.2530443213
0.2530285669
0.2531616766
0.2529839878
0.2533133395
0.2535517806
0.2532929
0.2528397688
0.2525236653
0.2526894653
0.2524984392
0.2522015918
0.2518458876
0.2516242937
0.2514824575
0.2511245125
0.2507198312
0.251486221
0.2510176039
0.2516831135
0.2513086822
0.2515694526
0.2515908739
0.2518121745
0.2518823637
0.251809654
0.2514277124
0.2515268328
0.2511400638
0.2507005172
0.2502501939
0.2497747461
0.2496647085
0.2497770074
0.249523643
0.2492059579
0.2494447112
0.249951277
0.2495049311
0.249421836
0.250147347
0.2501708392
0.2499727992
0.2497380114
0.2493694228
0.2489382682
0.2491592398
0.249298701
0.2500066
0.2501010405
0.250074915
0.2497898738
0.2497127483
0.2498826899
0.249415855
0.2490311191
0.2488777887
0.2489950706
0.24938851
0.249007401
0.2488245956
0.2484568935
0.2482103663
0.248117811
0.2477209159
0.2473537418
0.2477226032
0.2475025559
0.2484684224
0.2481000576
0.2477199732
0.2475940221
0.2473797353
0.2470997933
0.2467599654
0.2473611724
0.2476343443
0.2474164725
0.2473646924
0.2471050888
0.2469669535
0.2466684239
0.2464442128
0.2464277373
0.246243417
0.2458595255
0.2464683907
0.2465175025
0.2462467636
0.246603128
0.2462277357
0.2463097989
0.2459623205
0.2462455031
0.2471228781
0.2467639524
0.2464843062
0.2465212991
0.246128269
0.245908432
0.246187317
0.2464349073
0.2460896465
0.2465629661
0.2464697989
0.2467390555
0.2464569568
0.246100245
0.2458802019
0.245613556
0.245254476
0.2458563468
0.2455379677
0.2451865723
0.2452179855
0.2455139473
0.2457177259
0.2458818997
0.246076001
0.2457398499
0.2456979601
0.245613432
0.2461317753
0.2458228291
0.2460474592
0.2463134304
0.2464888134
0.2462664354
0.246058685
0.2456967089
0.2453759941
0.2452964276
0.2455514092
0.2451993094
0.2450972246
0.2450849326
0.2448057373
0.244972925
0.2448727076
0.2448152899
0.2444714455
0.2440973507
0.2444456045
0.2441509194
0.243900776
0.2448485708
0.2451936854
0.2459859458
0.2456449039
0.2454232423
0.2451760318
0.2449465189
0.2448505505
0.2451460812
0.2452593157
0.2451485751
0.2448912908
0.245030701
0.2456218807
0.2453022777
0.2451142808
0.2447916334
0.2445739431
0.2451703724
0.24548041
0.2452113246
0.2448531803
0.2448963903
0.2450685728
0.2452064071
0.24544315
0.2452038043
0.2449715068
0.2451873181
0.2451443174
0.2451347228
0.2454647112
0.2455915027
0.2458048601
0.245489247
0.2451557755
0.2450006149
0.2457487169
0.2463632697
0.2460396961
0.2463158253
0.2461227529
0.2466246183
0.2472225879
0.2469606737
0.2466911419
0.2466573139
0.2467082053
0.2465002647
0.2465327547
0.2462999253
0.2461782329
0.2463632297
0.246060174
0.2459166813
0.2458831806
0.2461525287
0.2464226743
0.2460917787
0.2459040259
0.2461063471
0.2457913116
0.2455872024
0.2453652406
0.2452880098
0.2454616473
0.245234904
0.2455358269
0.2455817775
0.2454109999
0.2456934169
0.2459439425
0.245883262
0.2457291443
0.2462037783
0.2462460399
0.2459765826
0.2456969917
0.2455533215
0.2452767225
0.2451781237
0.2455324916
0.2455607219
0.245433888
0.2454630115
0.2452186213
0.2451533996
0.245698567
0.2453892166
0.2451759309
0.2449800863
0.2447324603
0.244851305
0.2448272276
0.2445694361
0.2446479043
0.2443232909
0.2443096898
0.2443040545
0.2445482939
0.2448582484
0.2448914593
0.2449909357
0.2447024388
0.2446727445
0.2448212763
0.2450397691
0.2447833373
0.2445459826
0.2448687503
0.2452513679
0.2452981903
0.2452495921
0.2452725803
0.2449785199
0.2447205007
0.2446443513
0.244380793
0.2442712439
0.2440301416
0.2437483558
0.24351998
0.2435821268
0.2437284962
0.2439259716
0.2438884093
0.2437560193
0.2443992474
0.2446835802
0.244419257
0.2447873936
0.2447158958
0.2445303283
0.2444438247
0.2441641345
0.2442568754
0.2439736027
0.2443413121
0.244839842
0.2450082322
0.2452976218
0.2457272732
0.2457677551
0.2454927223
0.2457675231
0.2455338385
0.2456005242
0.2459824052
0.2463255572
0.2469263253
0.246931034
0.2473761174
0.2473011229
0.24728999
0.2470933621
0.2470334529
0.2467988586
0.246621196
0.2464063671
0.2461222318
0.2461348078
0.2460447125
0.2457751961
0.2456423289
0.2455182512
0.2455104031
0.2453750477
0.2451795629
0.2449344996
0.2448391797
0.2446719171
0.2444291509
0.2443098347
0.2441742655
0.2438741641
0.2437194126
0.2436055022
0.2436476837
0.2435712257
0.2433411228
0.2438983624
0.2440530143
0.2439690709
0.243832512
0.2437615811
0.2438957285
0.2437407923
0.2434948378
0.2434849609
0.2434817392
0.2432506424
0.2433437904
0.2432743295
0.2430622431
0.2436944425
0.2436126695
0.2433539366
0.2430782385
0.2429292658
0.2429872865
0.2427579703
0.2426982711
0.2430495665
0.2428258783
0.2433902469
0.243240309
0.2433178815
0.2430819093
0.242803051
0.2425493785
0.2424583055
0.2423018312
0.2422695934
0.2424747168
0.2428710803
0.2430223323
0.2428788438
0.2433362254
0.2432079536
0.2430908856
0.2428415105
0.2427101645
0.2425953537
0.2424072174
0.2425474062
0.2424627784
0.2425073147
0.2427177461
0.2426567976
0.242426664
0.2423314066
0.2422967419
0.2425987243
0.2428954467
0.2426986821
0.2432524466
0.2432531167
0.2435142474
0.2432627868
0.2430917969
0.2431473317
0.2431414799
0.2431455692
0.2431046289
0.2428710931
0.2426491789
0.2427978196
0.2431252475
0.243387142
0.2433409903
0.243126363
0.243108293
0.2433964585
0.243233261
0.243409499
0.2431595878
0.2429900862
0.2432446091
0.2430624949
0.2431118639
0.2430079499
0.2434897111
0.2435024681
0.2436400943
0.2435121733
0.243392793
0.2437331223
0.2435796858
0.2433769928
0.2436480897
0.2436141486
0.2436828291
0.2434971701
0.2432551904
0.2430040823
0.2432737139
0.2432645974
0.2433757365
0.2434845714
0.2436529346
0.2435300602
0.2435249853
0.2434877937
0.2433506936
0.2433702728
0.2431482246
0.2431558802
0.2431635188
0.2430994
0.2432598906
0.2430648375
0.2430005731
0.2428465714
0.2429292715
0.2428580873
0.2426217814
0.2427842166
0.2426233012
0.2426757656
0.2425266829
0.2425703572
0.2424882244
0.2427119081
0.2428118054
0.2426667069
0.2425721982
0.2427408487
0.2425579881
0.2424568258
0.2424607245
0.2427925492
0.2429983279
0.2428239827
0.2425944192
0.2424485441
0.2424495462
0.2422545798
0.2422270529
0.2420107585
0.2418748626
0.2419872146
0.2422235452
0.242476283
0.2424633874
0.2422258797
0.2420345395
0.2418550276
0.2417825569
0.2416474336
0.2416611788
0.2415010826
0.2414936429
0.2412642367
0.2411436943
0.2410623954
0.2408352954
0.2408985617
0.2407951281
0.2408806495
0.2407460774
0.2407985045
0.2406384853
0.2408315645
0.2408683107
0.2406483742
0.2405128263
0.240841285
0.2408179743
0.2409050961
0.2406654912
0.2406876532
0.2406484373
0.2407794058
0.240566389
0.2405777033
0.2404077186
0.2405533564
0.2410353799
0.2410367898
0.2409311665
0.2408515075
0.2407316626
0.2407244954
0.2405616195
0.2403835114
0.2402584957
0.2400484196
0.2401458224
0.2401520644
0.24009343
0.2402848233
0.240067385
0.2398567757
0.2400772279
0.240184758
0.2403862934
0.2403737733
0.2403445537
0.2402626244
0.240186981
0.2401905033
0.2402602238
0.2401284513
0.2399239279
0.2397169394
0.2396224343
0.2395967841
0.2397543017
0.2395735362
0.2396842101
0.2394807423
0.2395826915
0.2395109118
0.2393190604
0.239195129
0.2391365976
0.2389557542
0.2387680113
0.2388491334
0.2391054561
0.2389005658
0.2386824622
0.238510025
0.2384330552
0.2383809145
0.2384052996
0.2382970969
0.2384579414
0.2383230971
0.2383086217
0.2381506868
0.237995841
0.2379199905
0.2379886081
0.2377641595
0.2375855412
0.2375403859
0.2373550488
0.237242424
0.2370516945
0.2370344751
0.2370390525
0.2373445763
0.2374167333
0.2374202235
0.2374541646
0.237451889
0.2373959064
0.2372546105
0.2370816068
0.2372860421
0.2371258403
0.2372412747
0.2371285397
0.237288093
0.237235442
0.2373905497
0.2373026822
0.2374683461
0.2374607779
0.23735994
0.237169627
0.2373503921
0.2373542558
0.2372299361
0.2370715025
0.2371336555
0.2370313272
0.2371006492
0.2375202649
0.2373647703
0.2372404936
0.2376535437
0.2377301189
0.2376204245
0.237718968
0.2375293482
0.2374075652
0.2373114549
0.2372653565
0.2371439352
0.2370358968
0.237287872
0.237135374
0.2371030363
0.2371814601
0.2370016037
0.2371125327
0.2370920262
0.2369465987
0.237130255
0.2370357216
0.236836924
0.2367345625
0.2365675337
0.2364972096
0.2364946001
0.2365321229
0.2365263845
0.2367410555
0.2365568925
0.2363620401
0.2365340835
0.2364294324
0.2362428885
0.2361207917
0.2360413596
0.2360149679
0.2360280811
0.2358534709
0.2358907692
0.2358394398
0.2359378007
0.2357803889
0.2360245024
0.2358901871
0.2360284449
0.2358836535
0.2357334672
0.2356449026
0.2355060358
0.235599476
0.2355659441
0.2354039531
0.23545241
0.2354867403
0.235871917
0.2356758246
0.2359234465
0.2357530004
0.2357154953
0.2359112888
0.2359855996
0.2359749287
0.2359100742
0.2358085226
0.2358015278
0.2356481663
0.2357068897
0.235558279
0.2356103529
0.2355034162
0.2353144293
0.2352388317
0.235048697
0.2350998532
0.2354225028
0.2352806935
0.2351466413
0.2352617337
0.2352636135
0.2353224288
0.235229078
0.2351162964
0.2350258535
0.2350991282
0.2349292232
0.2348350997
0.2347276493
0.2346776031
0.2344785115
0.2343501526
0.234253817
0.2345005717
0.2345979925
0.2345658994
0.2344608894
0.2347289969
0.2345363545
0.2345058255
0.2348514473
0.2348011305
0.2347179301
0.2346717446
0.2346262903
0.2349065393
0.234817673
0.2348846538
0.2347645648
0.2348557077
0.2349234322
0.234772355
0.2346160218
0.2345848387
0.2348169926
0.2348087747
0.2347933151
0.2347023822
0.2346774396
0.2349041287
0.2349175693
0.2348276835
0.2348394734
0.234993678
0.2348144914
0.2347765899
0.2347017958
0.2347194344
0.2345471609
0.2348731672
0.234830069
0.2348119733
0.2347352961
0.234735227
0.2348633771
0.2347221854
0.2345860081
0.234450328
0.2346002865
0.2344636995
0.2344902841
0.2344633481
0.2343287072
0.2342699422
0.2342756284
0.2342324763
0.2342116692
0.2340735988
0.2340160539
0.2340976394
0.2339740284
0.2340913865
0.233949924
0.2340582583
0.2339070763
0.2338858561
0.2339706119
0.2341305662
0.2342814388
0.2343049707
0.2343455922
0.2342108198
0.2344703144
0.2344027998
0.2342966231
0.234333392
0.2341564181
0.2340606281
0.2339512519
0.2338463446
0.2336947859
0.233575888
0.2335616797
0.23343315
0.2334815617
0.2333707447
0.2335963882
0.2336942461
0.2337263728
0.2336610001
0.2335107896
0.2333278101
0.2332391716
0.233180809
0.2330510958
0.2330004179
0.2332241557
0.2334306404
0.2332721893
0.2331152774
0.2330495343
0.2329279744
0.232902309
0.232821126
0.2329193976
0.2327946408
0.2326489248
0.2326265155
0.2325730959
0.2328414367
0.232912019
0.232934821
0.2329308292
0.2327831305
0.2326600865
0.2325100604
0.2324477625
0.2322765301
0.232158331
0.2323330351
0.2322344357
0.2321801859
0.2320813886
0.2319292099
0.2318859854
0.2320746278
0.2320626347
0.232053408
0.2321804972
0.232209111
0.2322297232
0.2320941112
0.2321312109
0.2321996671
0.2321190207
0.2321287098
0.232289049
0.2323404657
0.2322075639
0.2321241015
0.2319718474
0.2319187488
0.2317759246
0.2317295308
0.231575348
0.2318257352
0.2317520396
0.2316196552
0.2317284846
0.2316044278
0.2318493192
0.2318203777
0.2318152799
0.2317084574
0.2318604431
0.2317834021
0.2317671262
0.2316498866
0.2315894881
0.2314827706
0.2317321492
0.2315923994
0.2314251647
0.23182876
0.2319265507
0.2318490002
0.2316960554
0.231618054
0.2314877185
0.2313880045
0.2316008246
0.2317418508
0.2318518828
0.2317340248
0.2318293545
0.2321106916
0.2323954845
0.2323172948
0.2321495219
0.23207882
0.2322414521
0.2320976359
0.2320339742
0.231955752
0.2320388609
0.2319246504
0.2317815706
0.2317029437
0.2317840439
0.2317008143
0.2316256358
0.2316612939
0.2316411562
0.231599349
0.2314933878
0.231347603
0.2312629361
0.2312693778
0.231235452
0.2310882588
0.2309997746
0.2311436618
0.2310522767
0.2310014931
0.2308919152
0.2307439043
0.2307371115
0.23082341
0.230729363
0.2306159036
0.230738354
0.230718711
0.2307848303
0.2308920814
0.2307958739
0.2309768598
0.2308283919
0.2307114269
0.2308131993
0.2308786298
0.230967654
0.2311534458
0.2311099919
0.2311568924
0.2313171332
0.2312802084
0.2314406738
0.231490688
0.2315858031
0.2315056882
0.2314594829
0.2314890898
0.2314116403
0.2314025346
0.2313928472
0.231451938
0.2316499142
0.2315972971
0.2315842689
0.2316388779
0.2315451484
0.2316527391
0.2315536543
0.2315064202
0.2315415287
0.231595989
0.2316958
0.2315917331
0.2316091656
0.2316470252
0.2316041533
0.2314953636
0.2314967818
0.2315002584
0.2314488744
0.2314850787
0.2314901587
0.2314811526
0.2313927223
0.2315636154
0.231541434
0.2314599891
0.2314263825
0.2315834447
0.2315087596
0.2316521256
0.2315842187
0.2316573164
0.2316356113
0.2317048369
0.2316852213
0.2317509297
0.2317332477
0.231702603
