0.25
0.25
0.25
0.25
0.25
0.2202789997
0.2413369393
0.2512766061
0.2391449058
0.2235709592
0.2259735993
0.2077885328
0.2040958821
0.213477454
0.2030817847
0.2215714354
0.2376925321
0.2288137517
0.2401124701
0.2628121264
0.2907888698
0.2933446142
0.2907444235
0.2791010701
0.2732867794
0.2728597865
0.2645608304
0.2579834769
0.2492403994
0.2413999082
0.2385429462
0.2531521312
0.2588035383
0.2514886174
0.2480494115
0.2474294143
0.2419618829
0.238659339
0.2350657175
0.2410347176
0.2556366915
0.2655869724
0.2796063212
0.2842193661
0.2882488678
0.2885850057
0.294405326
0.2893266629
0.2893479576
0.2852604434
0.2839923937
0.2865560608
0.2915152343
0.2935719441
0.2911387105
0.2954824879
0.2971056795
0.2951454986
0.2949263536
0.2980185297
0.2945189995
0.2916896755
0.2931782067
0.2920703367
0.2879906306
0.2846121317
0.2810040357
0.2804422493
0.2799510858
0.2820042247
0.2782947218
0.2753341304
0.2772090399
0.2742442718
0.2761867471
0.282901667
0.2808118083
0.2789291354
0.2778787397
0.2801127245
0.2807593652
0.2808794613
0.2808104642
0.2786670277
0.2806681922
0.2781118919
0.2761147586
0.2789771556
0.279910884
0.2829150084
0.2821652167
0.2796744041
0.2778462245
0.2766061855
0.2774198679
0.2778421677
0.2805106826
0.2800018967
0.2791411687
0.2769109731
0.2777733109
0.2761265733
0.2760580672
0.2753953378
0.273234274
0.2727589514
0.2727179874
0.275945951
0.2736455729
0.2728434109
0.2727032205
0.2706755453
0.2711879844
0.2690147262
0.26797949
0.2683927934
0.2667056379
0.2671513875
0.2683466064
0.266315453
0.2654469479
0.2656023737
0.2666513193
0.2653988814
0.2639178068
0.262433281
0.2616550983
0.2623465134
0.2604680526
0.2628317382
0.2612167327
0.2626679768
0.2621739869
0.2606852268
0.2608654635
0.2607855704
0.2599577867
0.2600020801
0.2607621371
0.2589883521
0.2593083506
0.2591542921
0.2587346052
0.2570124147
0.2568769073
0.2586576158
0.2573742121
0.2572472472
0.2578812936
0.2563119649
0.2550907585
0.2568428849
0.2566426986
0.2569192452
0.256200487
0.2562699769
0.2560362013
0.2553500059
0.2537967327
0.2529267691
0.2547366608
0.2548295626
0.2545451753
0.2550440779
0.2536306059
0.2522394301
0.2529905215
0.2532580857
0.2536185199
0.2540647404
0.2544958188
0.2531998015
0.2531784745
0.2520761278
0.252133483
0.2508656523
0.2495979427
0.2506852754
0.2506797716
0.2505036462
0.2509961998
0.2520141341
0.25146888
0.2517412648
0.2521110541
0.2517664658
0.2523927743
0.2525492614
0.2512887939
0.2538081433
0.2539091494
0.2563551297
0.2562638076
0.2560575179
0.2552957452
0.2573215168
0.2568791792
0.2569257552
0.2569811592
0.255861437
0.2546589117
0.2556922504
0.2559683652
0.2555704774
0.2543748523
0.2543111773
0.2533965543
0.2539896608
0.2528246292
0.2526017748
0.2516568274
0.2513469742
0.2502062736
0.2507117108
0.2499459167
0.2498939005
0.2513748681
0.2515874242
0.2509466396
0.250986948
0.249921341
0.2488528532
0.2477840896
