0.25
0.25
0.25
0.25
0.25
0.25
0.33
0.2932108735
0.2884096653
0.2699139278
0.2744008618
0.2542693374
0.2842713255
0.2643949166
0.2490517357
0.2841110022
0.2705366575
0.2582231795
0.293806989
0.2792777812
0.2681777779
0.2590947368
0.2688030444
0.2592417018
0.274119337
0.2808978928
0.3004942671
0.2898460265
0.3027387873
0.2929884036
0.3052190237
0.2972023799
0.2887272915
0.2982102741
0.2897998091
0.2841655369
0.2767556576
0.2708661721
0.2846509041
0.2974088412
0.2949690117
0.2886738571
0.2820014567
0.2812308248
0.2946247451
0.300865757
0.3046014868
0.31233477
0.3069923771
0.3109155106
0.3048892229
0.311433864
0.3144074368
0.3102850191
0.3049242556
0.3042142368
0.2993220112
0.2988276603
0.2938018519
0.292977692
0.2882293575
0.2880121852
0.2871781435
0.2871388745
0.2849286502
0.2806436797
0.2765437597
0.2776007437
0.2751330272
0.271385713
0.2708955615
0.2679175993
0.2690818415
0.2716518672
0.2755819324
0.272000255
0.2685208792
0.2697169485
0.269473319
0.2661416501
0.2704121962
0.2770169161
0.2764044936
0.280729393
0.2821382998
0.2814911197
0.2792601539
0.280358796
0.2782957296
0.2797407388
0.2794139175
0.2766134189
0.273794178
0.2721837719
0.2711303514
0.2710362102
0.2710970643
0.2685851801
0.269324291
0.2679825663
0.2654402903
0.2628940416
0.2617420649
0.261346913
0.2588872093
0.2583165657
0.2572883922
0.2561888038
0.2547130601
0.2539875593
0.2528383923
0.2525112379
0.251349944
0.2505829411
0.248871026
0.2467351685
0.2471322163
0.2512700111
0.2491964692
0.2516082421
0.2517607104
0.2552178528
0.2534868146
0.252368911
0.2508701189
0.2498812014
0.2506988893
0.2529462395
0.2510732743
0.2522774675
0.2503738872
0.2492050047
0.2523117389
0.2507042639
0.2523017587
0.2512110186
0.249530744
0.2506612438
0.2519412328
0.2501462536
0.2488368521
0.2504578337
0.2493070099
0.2494285115
0.2492621226
0.247618789
0.2492563171
0.2516873918
0.2529961457
0.2517468894
0.2504607353
0.2506182164
0.2501158463
0.2495429221
0.2479895143
0.2464493324
0.2452547097
0.2437066061
0.2433368074
0.2428586486
0.243820125
0.2423340217
0.2421667213
0.2409451214
0.2397989636
0.2434683836
0.2445708012
0.2433081799
0.2419979909
0.2458076798
0.2465787425
0.2460430588
0.2457467973
0.2462079957
0.2448524149
0.2459157753
0.244556594
0.245523162
0.2481014993
0.2488954499
0.2494389805
0.2482971857
0.2469960474
0.2485832154
0.2481143617
0.2476308073
0.2463808365
0.2451636422
0.2445531852
0.2437723749
0.2443017044
0.2440815043
0.2428930072
0.2418373284
0.2406365795
0.2411905862
0.2412289668
0.2401384972
0.2391735962
0.2391122272
0.2389465316
0.2389168508
0.2382843688
0.2371870966
0.236614911
0.2365280648
0.2362885691
0.2364864341
0.2355141055
0.2359422508
0.2365587567
0.2365494933
0.2387352231
0.238699326
0.2390574589
0.2381823652
0.2386770656
0.2380238391
0.2378836636
0.2371554618
0.2368454073
0.2361656393
0.2354086213
0.2345952492
