0.25
0.25
0.25
0.25
0.25
0.25
0.25
0.25
0.25
0.2372423012
0.2278612899
0.2200468318
0.2223509216
0.2160234092
0.2182885153
0.2123012956
0.2109244278
0.2217109225
0.2230094622
0.2329774896
0.2451600245
0.2356340607
0.2475609751
0.2734898793
0.2651112514
0.2699718947
0.2718769958
0.2629647924
0.2561278659
0.2509723157
0.2436397787
0.2607747108
0.2727115789
0.2649292561
0.2623792299
0.2728513667
0.2670808151
0.2608144208
0.2576643136
0.2515765522
0.2456501763
0.263010435
0.2588357244
0.25607995
0.2509150071
0.2638863422
0.2601708357
0.2598028392
0.2645233245
0.2755656088
0.2810633259
0.2904573008
0.2905198958
0.2851885189
0.2819566035
0.2773221116
0.2742254535
0.2708492491
0.2711451019
0.2736183702
0.272720619
0.269464241
0.2785510736
0.2750183184
0.2781437635
0.2748287911
0.2710551209
0.2704602168
0.2748528039
0.2793565621
0.2772235615
0.2839302481
0.2804952444
0.2779669786
0.2761683931
0.2725797667
0.2758922688
0.2723735167
0.2737196387
0.2752301415
0.2794853778
0.2769417151
0.2761545764
0.2729860695
0.2714748126
0.2743926744
0.2713971041
0.27040101
0.2688537248
0.2684518037
0.2686982327
0.266015558
0.2636480201
0.2615771371
0.2599598886
0.2625647284
0.2668872214
0.2712762082
0.2713253347
0.2718828919
0.2707104678
0.2682623721
0.2690626306
0.26737225
0.2677511791
0.2653083527
0.263840741
0.2622487526
0.260128148
0.2591439475
0.2591052932
0.2599981081
0.2624847591
0.2617916173
0.2631553592
0.2642826356
0.267393844
0.2703290394
0.2756925789
0.2761818721
0.2758173395
0.280520514
0.278320657
0.277666515
0.2758729214
0.2810282474
0.2848189172
0.2838120359
0.2831261866
0.2849904468
0.283130264
0.2873042667
0.2855420015
0.2899615602
0.288709372
0.2869517044
0.2859469836
0.2842238772
0.2825936968
0.2819126461
0.2810065871
0.2804949613
0.2811011183
0.280374844
0.2810989334
0.2795282801
0.2819812305
0.2805319009
0.2790273513
0.2777966423
0.2761935174
0.2764824964
0.2759397456
0.2743882792
0.2733009523
0.2731439042
0.272232871
0.2707826225
0.2700917719
0.2719742865
0.2733563732
0.2718851233
0.2711969454
0.2698540008
0.268418106
0.2673604926
0.2659203891
0.2678828481
0.2678105336
0.2667063559
0.2695512367
0.2720900187
0.2733191875
0.2736416639
0.2722832419
0.2707707817
0.2715610613
0.2720470026
0.2734208635
0.2743185598
0.2735526918
0.2723453403
0.273651397
0.2724306593
0.2751968779
0.2737723645
0.27293188
0.2715596747
0.2702495741
0.2693043405
0.2682672476
0.2668865429
0.2663839823
0.265868258
0.2653017619
0.2650812252
0.2657070984
0.2676526496
0.2667569427
0.2678771496
0.2668171947
0.2660106253
0.2649362304
0.2642252827
0.2638542997
0.2654126436
0.267029332
0.2683552969
0.2671789127
0.2665021282
0.2653755045
0.2655875398
0.264950149
0.2639494293
0.263481804
0.2635358359
0.2637651015
0.2650850514
0.2640865749
0.2663398568
0.2656389334
0.2666281167
0.2655277745
0.2658710087
0.2652267031
0.2659074476
0.2666846457
0.2670096066
0.2692936447
0.2697919513
0.2687444056
0.2681381778
0.2671614905
0.2668837368
0.2667524891
0.2660711236
0.2649912646
0.2639364196
0.2637849656
0.2647523952
0.2645564473
0.2643643559
0.2637579671
0.2629786463
0.2639504305
0.263677925
0.2642260717
0.2643122329
0.2639892039
0.2649486816
0.2643842016
0.2645352365
0.2641417783
0.2658791414
0.2665171315
0.2659131464
0.265323073
0.2655829207
0.2654483771
0.2645315629
0.263742545
0.264398691
0.2638148014
0.2629526342
0.2624016563
0.2626146832
0.2617450228
0.2609013818
0.2601654128
0.260834687
0.2601252256
0.25920235
0.2588850597
0.2595480733
0.2587300252
0.2580684176
0.2587765049
0.2595949742
0.2592417654
0.2596350884
0.260399489
0.2599187139
0.2600764587
0.2593452673
0.2600186576
0.2606496103
0.2603537769
0.2612543236
0.260437521
0.260915521
0.2609026174
0.2606287715
0.2603718975
0.2596303248
0.2588567463
0.2580938775
0.2575423767
0.2588371892
0.2582140811
0.2585509287
0.2578764593
0.2573067544
0.2577597764
0.2570475318
0.2572197725
0.2568652427
0.2560743346
0.2578626356
0.2573862172
0.2569919602
0.2573341211
0.2581978408
0.258389425
0.2577022794
0.2573061638
0.2567362799
0.2561751911
0.2561883353
0.2556542827
0.2549013206
0.2552239882
0.2544785121
0.2538309033
0.254142533
0.2536460178
0.2535747404
0.2534832376
0.2539821763
0.2534628816
0.2536320261
0.2530742278
0.2532480186
0.2527475056
0.2522609387
0.2528977355
0.2523528853
0.2517366247
0.2515745065
0.2512829832
0.2510381585
0.2508332399
0.2501565313
0.2502198312
0.2503891606
0.2501263518
0.2496736432
0.2497526426
0.2492601695
0.2493526514
0.2491799885
0.2488312264
0.2481329476
0.2492613649
0.250126788
0.2497976312
0.2504662289
0.2502185546
0.2499637363
0.2493983597
0.2487395039
0.2494057221
0.2487375353
0.2485373794
0.248274222
0.2485659073
0.2481236207
0.2475304577
0.2473376023
0.2467208149
0.2470950668
0.2465983831
0.2460767379
0.2456721021
0.2451462415
0.2457861509
0.2451817861
0.2446472458
0.2440971386
0.2458002821
0.2459775828
0.2457640801
0.2459932879
0.2466323192
0.2463527319
0.2457259888
0.245308397
0.2458940123
0.2463552888
0.2459218607
0.2453180473
0.2452857517
0.2447051273
0.2450592288
0.2445542898
0.2447639134
0.2447313316
0.2456089903
0.2453781697
0.2468208741
0.2462387204
0.2465476365
0.2459512198
0.2468224322
0.2464567335
0.2460178191
0.2457819933
0.2455332897
0.2451459184
0.2462054191
0.2462646839
0.2461320392
0.2458517335
0.2462460501
0.2458139106
0.2458072243
0.2465206548
0.2474859669
0.2470253275
0.2467391251
0.2462190512
0.246419677
0.2460631168
0.2459840173
0.2457688932
0.2458685981
0.2454332904
0.244940111
0.2451511215
0.244633742
0.2454380465
0.2453968705
0.2457924403
0.2453163028
0.2448028044
0.2442584331
0.2451573397
0.2449423087
0.2446118413
0.2444316563
0.2441790964
0.2440742367
0.2441727514
0.2437781131
0.2438981367
0.2437554535
0.2436997289
0.2433516756
0.2429268069
0.2424288541
0.2423298822
0.2419972767
0.2415873084
0.2418646786
0.2418107059
0.241372176
0.2418795287
0.2424491867
0.2419992162
0.2415880987
0.2413217772
0.2408333336
0.2408397526
0.240763227
0.2404993603
0.2415047839
0.2410401854
0.240691464
0.240916991
0.2406401151
0.2413511077
0.2410223756
0.2412232186
0.2411904423
0.2409024416
0.2406497802
0.2402051637
0.2400080379
0.2398379847
0.239504385
0.2391028696
0.238825869
0.2384092616
0.2381335795
0.237732311
0.2381289452
0.23771497
0.2375098756
0.2371717977
0.2368759726
0.2366677873
0.236772954
0.2368628801
0.2366857327
0.236236549
0.2368557214
0.2371413603
0.2367659219
0.2365155707
0.2361529988
0.2369175428
0.2368703391
0.2377361972
0.2373936779
0.2370135323
0.236606756
0.2364183449
0.2361663349
0.2368552057
0.2364453872
0.2360999265
0.2368622542
0.2374207854
0.2375333242
0.2377651109
0.2374409454
0.2379200649
0.2376260936
0.2372414425
0.2371727711
0.2371777787
0.2369622852
0.2367596958
0.2363828258
0.2370844317
0.236823249
0.2366431502
0.2371330108
0.2367910674
0.2371688352
0.2371663213
0.2377252667
0.2373176741
0.2369862777
0.2365681794
0.2363021393
0.2360568136
0.2365847387
0.236268169
0.2360841007
0.23636846
0.2368204091
0.2367914867
0.2368064309
0.237169145
0.2376317196
0.2372895216
0.237750108
0.2373445927
0.2373611831
0.237221094
0.2377013546
0.2376412453
0.2372410678
0.2370023807
0.2376124308
0.2375439246
0.2373788882
0.2372057763
0.237930005
0.2377422504
0.2379170774
0.2375391694
0.237235832
0.2370302083
0.2368451662
0.2377087461
0.2374095115
0.2372790456
0.2374974262
0.2377503291
0.2375342559
0.2385667135
0.2381935377
0.2381930094
0.2379850294
0.2380931078
0.2388759851
0.238492282
0.2382151079
0.2382686824
0.2388372501
0.2387421263
0.2383954636
0.2384507647
0.2390240997
0.239003556
0.2388253482
0.2386900412
0.2384658611
0.238186452
0.2379666783
0.2376536777
0.2375766191
0.237361584
0.2371202445
0.2378129532
0.2374545229
0.2374008431
0.2371555875
0.2368216338
0.2365006724
0.237015262
0.2369975867
0.2371215232
0.2367856202
0.2364872213
0.2361247313
0.2359329623
0.2355890829
0.2354010946
0.2361412548
0.2359056358
0.2361243347
0.2358821176
0.235599968
0.2353318982
0.2352388951
0.234970029
0.2349936963
0.2357245719
0.2358308262
0.2362751232
0.2362173079
0.2361352064
0.2365776168
0.2364143165
0.2371134644
0.2374656538
0.2382047033
0.2381960732
0.2385641816
0.2382254601
0.2378896499
0.2375983986
0.2373521143
0.2377237118
0.2374651229
0.2373349296
0.237308034
0.2374041048
0.2373503125
0.2371585475
0.2369536821
0.2371238719
0.237065216
0.2375907604
0.2373216694
0.2373976991
0.2372200145
0.2373802654
0.2370303545
0.2370297161
0.2368504761
0.2369149823
0.2368457705
0.2372367643
0.2379038615
0.2376291155
0.2375764783
0.2376290995
0.2372819443
0.237090556
0.2371021354
0.236871405
0.2366956583
0.2373108541
0.2377263514
0.237481701
0.2371406175
0.237499809
0.2371856165
0.2369756216
0.2367809233
0.2366121364
0.2372408855
0.2369749388
0.2370930319
0.2371396456
0.2372868915
0.237420541
0.2374609919
0.2372672364
0.2378054681
0.2374999513
0.2373954874
0.2372670418
0.2369760409
0.2371715381
0.2368743213
0.2368730848
0.2370567909
0.236860246
0.2370444506
0.2369490576
0.2372228463
0.2373176948
0.2370896281
0.2368366713
0.2366947817
0.2364270583
0.2363818401
0.2361643779
0.2362829155
0.2364235632
0.2368055038
0.2365566683
0.2364901765
0.2372588787
0.2369529248
0.2370037925
0.2368692315
0.2365617088
0.2366300882
0.2367848378
0.2367242056
0.2364864221
0.2364154229
0.23651064
0.2365476313
0.236756691
0.2365788007
0.2364264371
0.236164164
0.2362611838
0.2362354106
0.2361375567
0.2361158091
0.2358551297
0.23580153
0.235638664
0.23562232
0.2364066939
0.2362615621
0.2359710037
0.2364514336
0.2362210575
0.2364182015
0.236267503
0.2366938674
0.2364570976
0.2363010217
0.2360753445
0.2359986479
0.2361002004
0.2359389393
0.2357349204
0.2357512249
0.2363545992
0.2364783599
0.2363038368
0.2364416888
0.2362590273
0.2360739161
0.2365353385
0.23624346
0.2360175481
0.235734512
0.2354732298
0.2353089644
0.2354556209
0.2354117478
0.235165876
0.235615692
0.2354108085
0.2351389078
0.2353743277
0.2352521275
0.2352631147
0.2350860892
0.2348712831
0.2351100641
0.2348991238
0.234655836
0.2345831057
0.2344539828
0.2343588419
0.2341409878
0.2339316253
0.2338926648
0.233644681
0.2338178767
0.2335562476
0.23413997
0.2347778788
0.2347312753
0.2348482158
0.2346377694
0.2344245826
0.2341661928
0.2340362913
0.2338884155
0.2344481698
0.2345785503
0.2346549365
0.2345301084
0.2347765573
0.2345251846
0.2343814782
0.2346653272
0.2351109852
0.2350560732
0.2355170251
0.2352872676
0.2354806137
0.2352250426
0.2350354234
0.2351509152
0.234918445
0.2346444623
0.2351942614
0.2350425272
0.2349567266
0.2348387839
0.2346495726
0.2344742784
0.2344038404
0.2343620989
0.234127945
0.2344374626
0.2344192939
0.2343629657
0.2341549977
0.2342448086
0.2340680859
0.2341460508
0.2339000013
0.2338544527
0.2339226042
0.2340858614
0.2339037419
0.2338999764
0.2337364775
0.2335348885
0.2336251773
0.2334713782
0.2332027499
0.2331882309
0.2329881992
0.2327638733
0.232612502
0.2325908534
0.2323640618
0.2324667646
0.2326498562
0.2326446999
0.2330397515
0.2330404223
0.232835795
0.2327290799
0.2326456872
0.2331817872
0.2336613969
0.2336488775
0.233403569
0.2335874244
0.2333541966
0.2335660995
0.2335122857
0.2332949946
0.2334925138
0.2333222294
0.233066963
0.2331774407
0.2331040032
0.2334305003
0.2336289173
0.2333724626
0.2332044858
0.233230538
0.2332089432
0.2336316479
0.2338597722
0.2338896545
0.2336414868
0.2339068024
0.2341001605
0.2340406807
0.2342776564
0.2341150115
0.234656719
0.2347700094
0.2346422434
0.2348257582
0.2346079458
0.2346873251
0.2345371298
0.2343782302
0.2346098536
0.2344692285
0.2346504758
0.2343987072
0.2343654656
0.2342128662
0.2342159767
0.2340226537
0.2337954407
0.2336939975
0.2337312818
0.2337821483
0.2337944203
0.2336477024
0.2336789316
0.2339508377
0.2343018781
0.2346075072
0.2343618799
0.2342131717
0.2340226741
0.2339871945
0.2341365438
0.2339788138
0.2337564589
0.233646084
0.2335099255
0.2336983956
0.2339156329
0.2337043489
0.2334826773
0.2335869441
0.2337230593
0.2341725839
0.233935272
0.2338742953
0.2339036394
0.233669499
0.2338895644
0.2337570429
0.2338524253
0.2341097169
0.2339354699
0.233952725
0.2339699431
0.2338755254
0.2337653034
0.23354636
0.233434469
0.2332408721
0.233145997
0.2332054597
0.2331232016
0.2329233094
0.2333953746
0.2332665748
0.2331370998
0.2336323214
0.2335645249
0.2334494194
0.2333820545
0.2331740384
0.2330505985
0.2331141895
0.2329533537
0.2328587788
0.2328589666
0.2331158536
0.2330130118
0.2328891536
0.2327774636
0.2326572414
0.2324497173
0.232673823
0.2326855519
0.2324965009
0.2322672674
0.2323717595
0.2321757722
0.2321151687
0.2324708817
0.2322510738
0.2320621189
0.2318867174
0.2317530796
0.2315370801
0.2314926839
0.2314792527
0.2317296908
0.2316298477
0.2314202741
0.2312649757
0.2311093858
0.2312461255
0.2314489849
0.2314859921
0.2312768365
0.231140181
0.2310111961
0.2309716906
0.2310458604
0.2313394874
0.2311721954
0.2310475377
0.2310768039
0.2308696857
0.2308466044
0.2311634482
0.2312370071
0.2311391252
0.2309235723
0.2311196719
0.2311950694
0.2312857265
0.2311220047
0.2309826679
0.2308838206
0.2307350198
0.2309809675
0.2309664988
0.2309635715
0.2310371249
0.230887963
0.2309429414
0.2311467515
0.2309543843
0.2308819029
0.2309797189
0.2309138744
0.2307318046
0.2305957017
0.2304562908
0.2305152728
0.2305170161
0.2304537835
0.2302803791
0.2302221397
0.230578032
0.230523349
0.2307411273
0.2307014196
0.2306708681
0.2305266407
0.2305810276
0.2304859135
0.230641203
0.2304474262
0.2306136742
0.2307310992
0.2308346779
0.2306258539
0.230639027
0.2305500129
0.230408586
0.2303297815
0.2302824031
0.2302279553
0.2301078057
0.2301998586
0.2302294308
0.2300816925
0.2299864266
0.2298374958
0.2299757513
0.2304538881
0.2306743923
0.2308701851
0.2308367311
0.2309763383
0.2307713142
0.2305851522
0.2306960196
0.2305602862
0.2304765769
0.2305722011
0.2308989336
0.2310634648
0.231124705
0.2309508466
0.2313195902
0.2312101398
0.2310034413
0.2313015553
0.2313369851
0.2312753068
0.231326558
0.2311631693
0.2313059343
0.231214293
0.2310400201
0.2308756224
0.230953329
0.2308767857
0.230706673
0.2305913774
0.230748544
0.2305685387
0.2304660073
0.2302827867
0.2307607555
0.2307569529
0.2310063672
0.2308593778
0.2308775364
0.230848709
0.2310386393
0.2310346558
0.2311645308
0.2310944058
0.2309001651
0.2311282439
0.231061268
0.2310881121
0.2309139348
0.2308655126
0.2307162782
0.2307480121
0.2307182938
0.2305567762
0.2305490561
0.2304626326
0.2303030711
0.2301299636
0.2302472257
0.2301088761
0.2300738357
0.2300664792
0.2304181309
0.230652992
0.2305845801
0.2304495239
0.2304210968
0.2306763584
0.2306159996
0.2304870573
0.2304464174
0.2302592325
0.2302433996
0.23024686
0.2301463004
0.2300248958
0.229845567
0.2298215426
0.2299189232
0.2298100785
0.2299479568
0.2299573502
0.2298890973
0.2302278282
0.2302939814
0.2301355246
0.2300358401
0.2298634499
0.2298077993
0.2296658475
0.229647675
0.2294672683
0.2292864271
0.2291426085
0.2290322041
0.2288814243
0.2287473115
0.2287819243
0.228782755
0.2287909319
0.228626434
0.2287727759
0.2287185747
0.2286118114
0.228752013
0.2286780373
0.2286040327
0.2285399028
0.2288009502
0.2286191356
0.2286328167
0.2284677936
0.2286270064
0.2287348377
0.2286380967
0.2286748323
0.2290022936
0.228828481
0.2287900214
0.2286221316
0.2288828657
0.2288303451
0.228664397
0.2286235978
0.2287016314
0.2286062211
0.2287284779
0.2286195265
0.2286162436
0.2288308329
0.2287525544
0.2289418131
0.2288250291
0.2286459289
0.2285936463
0.2284983449
0.2283981966
0.2282640287
0.228594582
0.2285944251
0.2288144571
0.2290483869
0.2292614083
0.2295661881
0.2299323934
0.2298155533
0.229685463
0.2298432012
0.2296738387
0.2296276022
0.2296660124
0.2296018481
0.2295275296
0.2296902725
0.2295857109
0.2296115118
0.2294373611
0.2293130702
0.2291634429
0.2290500391
0.2288884632
0.2289522984
0.2289692844
0.2290329754
0.2289304222
0.2288097773
0.2288031497
0.228637792
0.2285985948
0.2284327164
0.2286600253
0.2289276012
0.2287776255
0.2288979107
0.2288392352
0.2287452188
0.2285794159
0.2284174273
0.2285309352
0.2288291299
0.2291521183
0.2290060457
0.229128806
0.2294612908
0.2297108167
0.229615409
0.2298067777
0.2296534534
0.2294898234
0.2294307429
0.2294407877
0.2295741364
0.2296354937
0.2295077773
0.229650967
0.2296166219
0.2294932639
0.2293962831
0.2292813966
0.2295604323
0.2297972494
0.2298144541
0.2299827735
0.2301634683
0.2302010322
0.230219931
0.2301266894
0.2300032036
0.2300320837
0.2300202011
0.2299051127
0.2301681347
0.2300014527
0.2300641623
0.2303698137
0.2303559847
0.2302706666
0.2303720036
0.2302607237
0.230145485
0.2302371527
0.2300773132
0.2299121015
0.2299169272
0.2298532088
0.2297093668
0.2295650952
0.2294427386
0.229392304
0.2293078792
0.2291498928
0.2291337833
0.2292383582
0.229248125
0.2292111583
0.2293324654
0.2293043282
0.2291818853
0.2293106773
0.2293832091
0.2297790594
0.2296908116
0.229625273
0.2295505074
0.2295801866
0.2296323992
0.2295805125
0.2294810018
0.2293792204
0.2292296917
0.2291181059
0.2290246134
0.2290846146
0.2291634214
0.2292717766
0.2291249879
0.2292859373
0.2295357198
0.2294674722
0.2294691135
0.229312912
0.2293996084
0.2292465236
0.2295471888
0.2297949696
0.2299401253
0.2298079719
0.2297056204
0.2298385151
0.229780687
0.2298912837
0.2300648431
0.229955511
0.2299424393
0.2298349755
0.2297005348
0.2295865126
0.2295264063
0.229459315
0.2294336781
0.2293912283
0.2293091738
0.2291727184
0.2290615022
0.2291976654
0.2290797549
0.2292027395
0.2291142519
0.2294099648
0.2295237774
0.2296234739
0.2295855849
0.2298094709
0.2296875204
0.229787704
0.2299612242
0.2300362205
0.229985977
0.230078442
0.2300375426
0.2299074271
0.2298239871
0.229717897
0.2296973804
0.2296620335
0.2297550331
0.2296655607
0.2296070695
0.2296757731
0.2296885943
0.2297539866
0.2299329551
0.2299585008
0.2300021583
0.2300352563
0.2299499281
0.2299577793
0.2298663249
0.2298583074
0.2298683746
0.229872686
0.229850513
0.2300281397
0.2300701641
0.2301049049
0.2300194676
0.2300433279
0.2300645985
0.2299733507
0.2299936915
0.2300168494
0.2299939397
0.2299698056
0.2300444905
0.2301176626
0.2300957362
0.230149935
0.2301163437
0.2301522889
0.2301080471
0.2301271981
0.2301803165
0.2301742508
0.2302262965
0.2302204155
0.2302011089
0.2301695405
