0.25
0.25
0.25
0.25
0.2313014544
0.2344178787
0.2468711914
0.2357809652
0.2410018244
0.2675149065
0.273930288
0.2557342692
0.2369116104
0.2354054443
0.2553104779
0.2410899619
0.2504052159
0.2420536662
0.2398006405
0.2582079926
0.2837374484
0.2890822121
0.2796394663
0.3039153559
0.3241587417
0.3227030442
0.3134944524
0.3092294895
0.2986960637
0.2888548547
0.2947475826
0.3084422113
0.2992667969
0.2924121392
0.2866891117
0.2982346308
0.3101852792
0.3027696732
0.3130702364
0.307488833
0.3181462054
0.3242911245
0.317870656
0.3216244798
0.3293685127
0.3226535552
0.316671257
0.3132436642
0.3069223871
0.3061925634
0.3089686918
0.3058793923
0.3090064194
0.3037389726
0.305247308
0.3017215911
0.2977456411
0.2969703312
0.2925541576
0.2896101385
0.2934239384
0.292382999
0.2973798373
0.2990376373
0.2996183338
0.2991236403
0.2961970337
0.297113629
0.2974391619
0.2961152496
0.2935935344
0.2910037886
0.2931396133
0.2910480196
0.2936632465
0.2899285037
0.2863271273
0.2828180363
0.2825490848
0.2861037042
0.2826327295
0.2863297845
0.2843163096
0.2895422967
0.2879516694
0.2897852122
0.2886018353
0.2857239053
0.2886794774
0.2917314312
0.2905809644
0.2876894788
0.2857396376
0.2829706988
0.2805194741
0.2822370776
0.2863042523
0.2838278227
0.2838331533
0.2861545144
0.2835913461
0.2809883678
0.280364295
0.2794404203
0.2833168159
0.2848929651
0.2867886815
0.286821743
0.2907961958
0.2882822407
0.2871383166
0.2886065816
0.2913631439
0.2920963446
0.2903533461
0.2903621383
0.2882219833
0.2888008514
0.2865354282
0.2842297872
0.2857175695
0.2857437062
0.283951819
0.2868178864
0.2847945152
0.2857817849
0.284436371
0.2825783407
0.2841616648
0.2824219527
0.2809613057
0.2824668622
0.2836195295
0.2828483142
0.2825677748
0.2850292212
0.2842132349
0.2832022444
0.282628005
0.2811609841
0.2845905711
0.2830357556
0.2841921792
0.2839226608
0.2833797455
0.2815934121
0.2799624969
0.2788319447
0.2805274054
0.2794033361
0.2809354544
0.2804507585
0.278741839
0.279749951
0.2796068968
0.2780773536
0.2776648524
0.276329065
0.2756707236
0.2766902004
0.2758806948
0.2745475569
0.2731080017
0.2723532935
0.270788925
0.2711556231
0.2697935497
0.2693141821
0.2693123102
0.2682855641
0.2674128567
0.2661507901
0.264850619
0.2645701461
0.2660766548
0.2655346548
0.2654137518
0.267509904
0.2666282478
0.2654689561
0.2666073359
0.265939253
0.2649341004
0.2638238816
0.2637776852
0.262866769
0.2627500575
0.2617751509
0.2617758566
0.2606466115
0.2626400469
0.2619959444
0.2616702611
0.2621188177
0.2611344751
0.2604494227
0.2596794664
0.2589340027
0.2587911947
0.2583428715
0.2596104625
0.2589876138
0.2582621067
0.2591624516
0.2591910203
0.2601276426
0.2609469906
0.2599058121
0.2599872605
0.2594850717
0.2599254669
0.2588644573
0.2587636527
0.2594777177
0.2592399835
0.2582521936
0.2578758464
0.2568594686
0.2560033959
0.2550981914
0.2541559142
