0.25
0.25
0.25
0.25
0.25
0.25
0.2157142857
0.1936026026
0.1996029534
0.1806426581
0.1804138895
0.1842488338
0.1789383639
0.1823444524
0.1802949029
0.1793607188
0.1693983236
0.1601190121
0.1533074085
0.1479875994
0.1501194339
0.1550602045
0.1524671178
0.1537566209
0.1487720322
0.149866021
0.1444492503
0.1423453021
0.139286449
0.1388754612
0.1641890877
0.1592174453
0.1544908871
0.1529089397
0.1485462115
0.1452730546
0.1485364502
0.1509109923
0.1472697825
0.1441651821
0.1406550084
0.1414193323
0.1412280874
0.1383417154
0.1464482297
0.1434830958
0.1587327991
0.1558222134
0.1679523417
0.1677939349
0.1645161813
0.1615447163
0.1719746128
0.1694704328
0.1752314234
0.189335692
0.1865913107
0.1845988326
0.1875741746
0.1931832397
0.1900328582
0.1983154232
0.1952839754
0.1958841461
0.1939073463
0.1910307785
0.1882109219
0.1891925907
0.1868340281
0.1902179686
0.1968519294
0.1943220632
0.2044854563
0.2034079534
0.2007024779
0.2009423191
0.1984803681
0.1965052863
0.2038705999
0.20953927
0.2161747665
0.2171735172
0.2205202755
0.2201216883
0.2176255869
0.2224636103
0.2224572118
0.2200405515
0.2176756338
0.2209017581
0.2195804229
0.2222382613
0.2202480511
0.2188303452
0.2199030889
0.2182266652
0.2175073809
0.2155606626
0.2134260508
0.2121662935
0.2101197378
0.2081024592
0.2071086055
0.2080333449
0.2060812945
0.2041756401
0.2039404019
0.2070945181
0.2060698606
0.2046030013
0.2029185168
0.2084849025
0.2069106424
0.205228844
0.2034816773
0.201763467
0.2023323604
0.2018997311
0.2004490761
0.1991944518
0.2026278888
0.2009816916
0.1993743409
0.1978067937
0.1962676279
0.1967031333
0.1957423796
0.1950945123
0.1949863019
0.1950220245
0.1938052076
0.1962782351
0.1951090129
0.1974661668
0.1964351134
0.1950317567
0.1936908331
0.1925204443
0.1964925863
0.1963680386
0.1951449351
0.1981494043
0.1985068249
0.1974511064
0.1966959932
0.1956241595
0.1999325368
0.2000840059
0.2038685487
0.2025497359
0.2017397877
0.2007792528
0.2051879501
0.2080535894
0.2110594301
0.2097359172
0.2095898085
0.2089247461
0.2102712582
0.2094385253
0.2081837097
0.2118951812
0.212071345
0.2130574069
0.2120246628
0.2111492646
0.2104978032
0.2094063833
0.2120258044
0.2110800521
0.2100665542
0.2100834523
0.2131975977
0.2122828854
0.2116182749
0.2105511388
0.2094840347
0.2089712716
0.207923408
0.2073630912
0.206805608
0.2071710708
0.2074838623
0.2103581499
0.2094658794
0.2087674187
0.2080547804
0.2073239585
0.2067206556
0.2073654073
0.2063389186
0.2059878959
0.2068978173
0.2068666295
0.2080573917
0.2070707587
0.2085223929
0.2074914299
0.2073705729
0.2065070536
0.2081173335
0.207419339
0.2066925831
0.2061820353
0.20536562
0.2054825372
0.2061261033
0.2053009925
0.2052296188
0.204411876
0.2044949696
0.2068102725
0.2067039788
0.2059855051
0.2061161406
0.2056667077
0.2055545624
0.2069325778
0.2079147083
0.2093402301
0.2089422316
0.2101450855
0.2109635612
