0.25
0.25
0.25
0.25
0.25
0.25
0.25
0.25
0.25
0.25
0.25
0.25
0.25
0.25
0.234
0.27
0.2547058824
0.2411111111
0.2415789474
0.27
0.2957142857
0.2827272727
0.2708695652
0.26
0.25
0.2715384615
0.2914814815
0.2814285714
0.2996551724
0.29
0.2887096774
0.2806245121
0.2729245765
0.2740502249
0.2741767283
0.2734403046
0.2772152884
0.2880250782
0.2937899864
0.2871607835
0.2822394639
0.2772968379
0.2712799233
0.2659227073
0.2611728751
0.2601933215
0.2668540134
0.2620431588
0.261343462
0.2696131806
0.266819072
0.2792030113
0.278498006
0.2792425876
0.2746552435
0.2745122623
0.2714366051
0.2667897553
0.2731452037
0.2694685568
0.2704707444
0.2701481553
0.2659662735
0.2618118644
0.2579378357
0.257995827
0.2602656466
0.26151663
0.2597818967
0.2564785479
0.255324721
0.2521035418
0.2602932867
0.2570175539
0.2654495699
0.2637159257
0.2663756262
0.2634765076
0.2658014419
0.2687303951
0.2735610077
0.2723185276
0.2762833676
0.2732206
0.2721004524
0.2765563359
0.2740147851
0.2709972252
0.2680263233
0.2661176848
0.2643523866
0.2652597373
0.2627625199
0.2641286121
0.2656136649
0.2709476586
0.2751169785
0.2801071696
0.284818517
0.2821694239
0.2795370497
0.2840267444
0.2907685965
0.2902781958
0.2881259044
0.2877377277
0.2884094882
0.2900293308
0.2878761117
0.2856722378
0.286785015
0.2869526012
0.2844517813
0.2856740287
0.2839049615
0.2815582989
0.2793350304
0.27787968
0.2794948802
0.2790095673
0.2789209144
0.277344037
0.2760470424
0.2756998052
0.2737722262
0.2724618317
0.2708420934
0.2688949598
0.2720475986
0.2705383067
0.2691371715
0.2694178381
0.2676756721
0.2670113009
0.2653115639
0.2670790646
0.265558825
0.2698114965
0.2712972745
0.2702810926
0.2742740999
0.2742353363
0.2723337924
0.2707740986
0.2695083699
0.2692967558
0.2687636167
0.2669909003
0.2662367992
0.2645166217
0.2632678716
0.2630300498
0.2615893908
0.2600832199
0.2589770781
0.2604794796
0.2594469754
0.2596236421
0.2580071026
0.2564339604
0.2594684911
0.262165539
0.2608022904
0.2597317569
0.2586526306
0.2572225579
0.2609147201
0.2594033768
0.2580586946
0.258553584
0.2584553129
0.2599223273
0.2592920125
0.2614465028
0.2636265078
0.2622820264
0.2608047223
0.2599141252
0.2592461978
0.2594225229
0.2580176758
0.260133996
0.2598040093
0.2586054622
0.2585135502
0.259962042
0.2611485035
0.2608415279
0.2598327785
0.2584826813
0.2582745727
0.2581382589
0.2576427118
0.2563460415
0.2570689639
0.2563519113
0.2586464434
0.2576918282
0.2577864861
0.2565111048
0.2555698272
0.2573516747
0.2565869797
0.2570607109
0.2586014525
0.2574510894
0.2562223038
0.255045612
0.2542141253
0.2532918236
0.252460647
0.2530501638
0.2519991277
0.2511446338
0.2538264543
0.2526755188
0.2518506282
0.2515155821
0.2504675874
0.2493390966
0.2483282716
0.2477658059
0.2466669394
0.246591835
0.2455816065
0.2450894382
0.2460595347
0.2451338138
0.2443211952
0.2433289227
0.2442972905
0.24739603
0.2473811428
0.2472854903
0.2475841729
0.2496149242
0.2491836471
0.248777602
0.2481577579
0.2486274696
0.2496846943
0.2488970841
0.2488608821
0.2481424815
0.2493787938
0.2484679435
0.2475056636
0.2479258356
0.2482449686
0.2474488584
0.2465030384
0.2462277882
0.2460883759
0.2480519573
0.2494117972
0.2496336546
0.2487997842
0.2479817714
0.2479147408
0.2498488672
0.2492299216
0.2486906415
0.2492479057
0.2483274669
0.2474022076
0.2469604255
0.2470040297
0.2461155116
0.2478304442
0.2483224216
0.2487350473
0.2478957814
0.2495350737
0.2486584609
0.2478910783
0.2476095499
0.2469553043
0.2460773218
0.2454753051
0.2447648353
0.2444482763
0.2442101617
0.2438937901
0.2431228995
0.2439293895
0.2435819428
0.2434418767
0.24532769
0.2456677974
0.244919585
0.2441018163
0.2450846564
0.2466807538
0.2466285149
0.2467891048
0.2486131814
0.2479135416
0.2488948472
0.2499669425
0.2508606635
0.2504647207
0.2497160845
0.2490187116
0.2492775283
0.2501280373
0.2513034005
0.2518628656
0.2511608119
0.2505162711
0.2498075324
0.2501072167
0.2493635208
0.2487030299
0.2479974968
0.2473248907
0.24703995
0.246465288
0.2471365974
0.246558788
0.2473160001
0.2476626337
0.2478876163
0.2479390617
0.2486245388
0.2490422332
0.2484459188
0.2484150413
0.2485037706
0.247788108
0.2476861086
0.2470041664
0.2465282347
0.2460808152
0.2462827002
0.2464377199
0.245842746
0.2462651822
0.2456199111
0.2449906891
0.2447444179
0.2445168687
0.2454010866
0.2447624757
0.2445360743
0.2449890585
0.2444010512
0.244348969
0.2438878006
0.2438673216
0.2437741046
0.2446887863
0.2441960671
0.2440475625
0.2434067659
0.2432082901
0.2437169997
0.2431021642
0.2424994229
0.2436265997
0.2441838468
0.2449421722
0.2449375418
0.2447703029
0.244276441
0.245296941
0.244781015
0.2442110296
0.2437955615
0.2435386103
0.2434487148
0.2438100381
0.24317973
0.2433947895
0.2432262061
0.2430270731
0.2431842806
0.2440264218
0.2439774894
0.2446269578
0.2441386843
0.2442894114
0.2439495096
0.2442831508
0.2443908982
0.2445256862
0.2439245988
0.2441452763
0.2439371539
0.2436053534
0.2445306207
0.2439303196
0.2447364996
0.2444460094
0.2440152332
0.2443593693
0.2441185722
0.2441081783
0.2435401725
0.2430248917
0.2426882775
0.2430011689
0.2424832856
0.2424902315
0.2430745957
0.2442896015
0.2439685932
0.2435844927
0.2435450241
0.2437672955
0.2432041668
0.2434699285
0.2437647803
0.2437990833
0.2437161652
0.2433218147
0.2437909825
0.2449757271
0.2444079605
0.2452723981
0.2451514452
0.2451899361
0.2446199974
0.2445306901
0.244371075
0.2449776621
0.2444878035
0.244676977
0.2449579579
0.2445720026
0.244575453
0.2440223302
0.2435987225
0.2440710342
0.2435361952
0.2436109285
0.2434391878
0.2436705256
0.2432348505
0.2441403934
0.2443407439
0.2440871442
0.2444420486
0.2443278573
0.2442313223
0.2437055022
0.2445764233
0.2442206734
0.244731004
0.2445627481
0.2442848958
0.2439357858
0.2434330642
0.2430104896
0.2432109392
0.2427972468
0.2424107364
0.2433347781
0.2434300847
0.2429325255
0.2430969546
0.243133174
0.2436573604
0.2432337557
0.243960506
0.2434955994
0.2439587957
0.2447228336
0.2447297596
0.2444338823
0.2443750515
0.2438823631
0.2434337439
0.24308493
0.2428152719
0.2430855253
0.2427961968
0.2431665143
0.2427113877
0.2427332219
0.2423056775
0.2426239389
0.2427665763
0.2428219168
0.2424289467
0.2420893256
0.2420854138
0.2433311456
0.2431947494
0.2433066609
0.2438352731
0.2436705363
0.2432222303
0.2436682726
0.2437292065
0.2438374034
0.2437244266
0.2434091241
0.2440190876
0.243667813
0.2434376654
0.2439918166
0.2435242735
0.2432550199
0.2431943873
0.2429428982
0.2425913725
0.2423830396
0.2424498209
0.2424981334
0.2431421794
0.2428172231
0.2426592791
0.2422502478
0.2423637687
0.2429352439
0.2426754217
0.2428590203
0.2424471398
0.242701143
0.242272621
0.2425506397
0.2421441701
0.2420689539
0.2419856143
0.2416215383
0.2414300289
0.2415351706
0.2413272527
0.2409401497
0.2411345025
0.24085258
0.2405328897
0.2405506516
0.2404751101
0.2404003865
0.240056159
0.2397519393
0.2393594351
0.238952833
0.239726288
0.2399197786
0.2401831935
0.2397805762
0.2394398048
0.2393830378
0.2391466167
0.2391497223
0.2392868484
0.2394420863
0.2395533822
0.2399330541
0.2399499337
0.2400735772
0.2400958193
0.2397946142
0.2402375876
0.2399174239
0.2396316937
0.2392801868
0.2388965307
0.2386436421
0.2384808811
0.2384191973
0.2390801761
0.2392493888
0.2388374855
0.2394728815
0.2401460954
0.2399422367
0.2402535774
0.2399892406
0.240657699
0.2403559963
0.2400294821
0.2399299508
0.2399248024
0.2398884657
0.2403158159
0.240849934
0.2406186302
0.2403911143
0.2402595254
0.2402268187
0.2406243435
0.2403193111
0.2399710411
0.2397540784
0.2394394956
0.2396401348
0.2399708614
0.2397158675
0.2394584324
0.2391825804
0.2391474153
0.2400728612
0.2396965062
0.2403554313
0.2405422751
0.2403895721
0.241136398
0.2417674398
0.2417252576
0.2413837823
0.241176568
0.240814183
0.2407476102
0.2403938329
0.2411272796
0.2408337292
0.2413209236
0.2411976075
0.2410449121
0.2414833781
0.2418561906
0.2418505514
0.2416314911
0.2421930115
0.2422379474
0.2430783721
0.2430267997
0.2431769163
0.2431849812
0.2428958177
0.2432485683
0.2429691507
0.2426925422
0.2426324419
0.2422523207
0.2427618162
0.2424780575
0.2422247559
0.2424878294
0.2426158276
0.2424396984
0.2423293332
0.2421361752
0.2420051275
0.2422471197
0.2422405917
0.2420210723
0.2423473538
0.2421947168
0.2425017372
0.2421687786
0.2418230974
0.2416368834
0.2415296906
0.2418019032
0.2420358267
0.242002544
0.2422505877
0.2427486141
0.2427163943
0.2424235183
0.2424560841
0.24231163
0.2423984151
0.2425774327
0.2425544527
0.2422649032
0.2422379209
0.2419114213
0.2418603689
0.2418668815
0.2419169353
0.2420315724
0.2419469244
0.2419236719
0.2420735816
0.2417588052
0.2418755854
0.2416258682
0.241963301
0.2417462619
0.2414473133
0.2417250277
0.2414264693
0.2419377718
0.2425040499
0.2426763971
0.2429740765
0.2428388673
0.2427115987
0.2428194382
0.2427100835
0.242901102
0.2431461556
0.2429110372
0.2429468692
0.2429474175
0.2428965518
0.243198609
0.2430144055
0.2427398964
0.2430241154
0.2427356598
0.2426596739
0.2428380979
0.242588115
0.2427978299
0.2424916086
0.2423800174
0.2424704639
0.2422971994
0.2422566793
0.2422727789
0.2424535666
0.2422898725
0.2420409481
0.2421697562
0.2426696235
0.2429720406
0.2430694816
0.2427439905
0.2429021278
0.2427445993
0.2429128325
0.2427280014
0.2425940238
0.2424100106
0.2422671259
0.2420385712
0.2419814375
0.2417046953
0.2422310913
0.2421434325
0.2420598077
0.2419157541
0.2419737365
0.2422730104
0.2420428896
0.2421887602
0.2419348329
0.2416344335
0.2413785561
0.2413794338
0.2411408194
0.2410053923
0.2410527505
0.2409494696
0.2408501623
0.2405717067
0.2404251818
0.2402674433
0.2399786493
0.240020433
0.2397125771
0.239620559
0.2395368818
0.2394570537
0.2395563911
0.239292491
0.2392959756
0.239111218
0.2390920483
0.2390714016
0.2392467783
0.2391368203
0.238868666
0.2392556262
0.2389791615
0.2390050744
0.2387809811
0.2386132609
0.2390083319
0.2387662381
0.2386140415
0.2388629964
0.2388418174
0.2388523468
0.2386123377
0.2383917579
0.2382502739
0.2387207429
0.2389937068
0.2391114477
0.2388444059
0.2393073091
0.2393536739
0.2391482586
0.2388995758
0.238774212
0.2390127308
0.2387533675
0.238601701
0.2384139724
0.2382233564
0.2387699147
0.238492364
0.2382174054
0.2381278606
0.2380608817
0.2381363792
0.2381252228
0.2381175863
0.2378372618
0.2380759797
0.2379501678
0.238169301
0.2379405912
0.2379763021
0.2378798636
0.2376974973
0.2375348499
0.2374508424
0.2375831026
0.2374854017
0.2374754932
0.2377730171
0.2377110663
0.2377478816
0.2378045713
0.2378654464
0.2377132536
0.2375563936
0.2373579483
0.2378370907
0.2381520517
0.2380974172
0.2382782273
0.2382583784
0.2381068522
0.2380525488
0.2378030755
0.2376170642
0.2379832931
0.2378421069
0.237758581
0.2375385773
0.2372934831
0.2376185551
0.2374545756
0.237194784
0.2375978138
0.2377210168
0.2376171281
0.2377823306
0.2377989542
0.2378604712
0.2377001018
0.2377946787
0.2379696194
0.2378401204
0.2376595923
0.2374619978
0.237797007
0.2377958172
0.2380470388
0.2379417314
0.2377752895
0.2375183551
0.2372878261
0.2374151245
0.2373317092
0.2372353316
0.2372967883
0.2373687377
0.2373120688
0.2375651484
0.2375792588
0.2373253696
0.2373991812
0.2375822377
0.2373816182
0.2375808034
0.2380232494
0.2377804692
0.2378605271
0.2378318029
0.2376407554
0.2373878204
0.2372122579
0.2370348494
0.2368305773
0.2367583297
0.2365538494
0.2363369936
0.2364594494
0.2368303545
0.2368295122
0.2367309557
0.2366339339
0.2371652486
0.2373863534
0.237195542
0.2370510967
0.2369002605
0.236706736
0.236552294
0.2363790351
0.2365808027
0.2366712776
0.2366554515
0.2365997199
0.2366946823
0.2366621176
0.2368531885
0.2367730002
0.2367170058
0.2365331494
0.2364102153
0.2363716142
0.2362334872
0.236121216
0.2363784714
0.2367801673
0.2368052151
0.2366267978
0.2364232398
0.2361697513
0.2359409724
0.2362223434
0.2363565763
0.2362576515
0.2362002936
0.2361609849
0.235994794
0.2358886669
0.2357017535
0.2354941136
0.2354720923
0.2353555508
0.2351785627
0.2350154474
0.2349529521
0.2351367722
0.2349009009
0.234732318
0.2344942203
0.2348205157
0.2351451809
0.2351760535
0.2350150635
0.2349531618
0.2348389641
0.2346601677
0.2344372154
0.2344417085
0.2350866931
0.2351810153
0.2351796519
0.2353125653
0.2351071347
0.2350236459
0.2350579751
0.2351847905
0.2350666209
0.2349893832
0.2352670174
0.2351420778
0.2348982737
0.2346791944
0.2345308424
0.2343742436
0.2343652612
0.2342101793
0.2342136172
0.2341400895
0.233928567
0.2338810233
0.2337016095
0.2335393082
0.2334066683
0.23330911
0.2335823468
0.2336752402
0.2338822149
0.2336538529
0.233732841
0.2339700958
0.2338478336
0.2337547865
0.2335426853
0.233471287
0.2336345756
0.2341825911
0.2341072358
0.2339901087
0.2338632406
0.233761541
0.2337987619
0.2338760691
0.2340894701
0.2339775216
0.2339942553
0.2338179303
0.2336038382
0.233683945
0.2336536994
0.2334707812
0.2333231901
0.2331513628
0.2330209115
0.2329229402
0.2327536973
0.2325742868
0.232745999
0.232540471
0.2327060932
0.2327026078
0.2327578646
0.2325419943
0.2324132715
0.2324778429
0.2327153636
0.2329035641
0.2328632513
0.2326860759
0.2326926377
0.2331710461
0.233094193
0.2329787852
0.2329346579
0.232806678
0.2330604016
0.232848574
0.2326382485
0.2325217618
0.2325574254
0.2328877875
0.2326874981
0.2325203788
0.2323854804
0.2324303276
0.2322872015
0.2321367072
0.2321171496
0.2321733548
0.2321376343
0.231993599
0.2320110543
0.2318602387
0.2318656136
0.2322080791
0.2321686148
0.2320115537
0.2320088255
0.2321125204
0.2319606996
0.231803292
0.2317856914
0.2320744444
0.2321797286
0.2321586877
0.2321242312
0.2319614277
0.2317990683
0.232037873
0.2323420015
0.2323045684
0.2322674657
0.2320990004
0.2320455708
0.2320072378
0.2321089319
0.2319992077
0.2320991978
0.2319568319
0.2320791593
0.2322914154
0.2322559534
0.2323310424
0.2324253527
0.2324055726
0.2323890717
0.2323584082
0.2322736608
0.2323504176
0.2322548051
0.232427168
0.2323276076
0.2323120229
0.2322034986
0.2323408003
0.232228318
0.2322973289
0.2325095799
0.2323856356
0.2322857696
0.232227129
0.2320939736
0.2320825868
0.2319716367
0.2318973865
0.231963219
0.2318746637
0.2318649049
0.2318357212
0.2317753327
0.2317208669
0.2316470163
0.2317806035
0.2319302108
0.232023059
0.232140953
0.2321973861
0.2322860631
0.2323102069
0.2322847071
0.2322446773
0.2321843239
0.2323171152
0.2324166536
0.2324859242
0.2325277369
