0.25
0.25
0.25
0.293261544
0.2846092352
0.2788410293
0.2747208823
0.2589763332
0.2452924887
0.2457632398
0.2461483998
0.2931360332
0.2898178768
0.2986358127
0.2875171675
0.2744047375
0.2729691647
0.2808143414
0.2828490417
0.2717129868
0.2592504637
0.2628793033
0.2653384526
0.2790549139
0.2850762567
0.2998297083
0.2976745734
0.2978492673
0.2898627173
0.3072006267
0.318820724
0.3259876559
0.3355507258
0.33622082
0.347167124
0.3476070997
0.3384825835
0.3349114392
0.3281922279
0.3241639275
0.3245159285
0.316921614
0.3193893247
0.3158610791
0.3099204349
0.3072097067
0.3180309123
0.3118647521
0.3211780671
0.3187066442
0.312800022
0.310658644
0.3086543409
0.3033651902
0.3062068573
0.3056915507
0.3009018991
0.2958863491
0.3026898314
0.307377852
0.3033953446
0.3072386661
0.3154641624
0.3252717809
0.3314052262
0.3324501858
0.3288704006
0.3263102374
0.3291202565
0.3346766787
0.3331121703
0.3305617618
0.3360428752
0.3408923719
0.3442475464
0.3443572703
0.3471311919
0.3433286195
0.3444889282
0.3500702764
0.3471611786
0.345572341
0.3467908078
0.3515120077
0.3500618084
0.3474793542
0.3440740828
0.3429041532
0.3446822046
0.3409635134
0.3423324121
0.3465398693
0.3437943224
0.342013353
0.3453848228
0.3460700131
0.3431604994
0.3405604694
0.3408427848
0.3377325408
0.3365917267
0.3336052688
0.3335046131
0.3331748476
0.3306211852
0.3302345487
0.3273969796
0.3287971456
0.326449515
0.3235842075
0.3215936339
0.3208556123
0.319217753
0.3193132789
0.3166235982
0.3162420945
0.3168357783
0.3143949536
0.3184152662
0.3188506539
0.3166585505
0.315873182
0.3145948222
0.3150253131
0.3169420927
0.315940642
0.315459401
0.3144870246
0.3132123618
0.3114855019
0.3097820991
0.3083985713
0.3072953968
0.3059776041
0.3038253857
0.301715239
0.3047071741
0.3035985007
0.302800505
0.3013177546
0.3010196474
0.3013898248
0.3001820641
0.3020932865
0.300070163
0.2983717553
0.2995685047
0.2987090853
0.2970393064
0.2950784052
0.2937892299
0.2954115817
0.2948141582
0.2933332885
0.2936430612
0.2932600179
0.2915018096
0.2913360222
0.291744235
0.290174648
0.2893479082
0.2916088106
0.2900434921
0.2886837752
0.2911482523
0.2907269394
0.2909261113
0.2893489683
0.2881952212
0.2871596294
0.2888694094
0.2897778187
0.2891829527
0.2877970729
0.2862666078
0.2847160212
0.2859766977
0.2844710237
0.2853613295
0.2861824411
0.2851967972
0.2842822876
0.283509165
0.2827342927
0.2815259716
0.2806702408
0.2801071737
0.2788192744
0.2800453038
0.2788982004
0.2778229908
0.2769475921
0.2791985944
0.2793054085
0.2781269284
0.2794978659
0.2787343706
0.2791672965
0.2777763051
0.2796392316
0.2788240975
0.2811193147
0.2800231738
0.2814919515
0.2825723061
0.2834615262
0.2825492375
0.2824373395
0.2822854886
0.2810217729
0.2805164079
0.2793779177
0.2792685213
0.2790602642
0.2807500778
0.2801242216
0.2811797223
0.2806440254
0.2804815623
0.2825693243
0.2813700743
0.2812999947
0.2801613118
0.2790660195
0.2805490351
0.2799346235
0.2787539243
0.2779224854
0.2781621342
0.2792997488
0.2786628803
0.2778721853
0.2781279116
0.2776074892
0.2766807105
0.2755149492
0.2761467319
0.2752097653
0.2743814379
0.2735307199
0.2732893131
0.2726099093
0.2736807014
0.272916808
0.2731939262
0.2727749061
0.2733880878
0.272585005
0.2720864643
0.2731709124
0.2721345225
0.271079208
0.2731310552
0.2725065009
0.2726220958
0.2718300762
0.2713401098
0.2722720029
0.2712987775
0.2717533047
0.2712092079
0.2726480507
0.2719917679
0.2714064869
0.2708666519
0.2706333998
0.2697405339
0.2696450638
0.2694372719
0.2698637028
0.2696729625
0.2691243765
0.2687046945
0.2682735927
0.2683834611
0.2703914067
0.2712153351
0.2714200793
0.2704757211
0.2707044629
0.2699457938
0.2694483435
0.2696177336
0.2692791639
0.2687000741
0.2679574228
0.2672741431
0.2687629707
0.268524221
0.267785913
0.267077791
0.2665218716
0.2658432059
0.2652061966
0.2645992997
0.264091434
0.2635478377
0.2631582935
0.2626511061
0.2620448724
0.2615488033
0.2608568638
0.2600378016
0.2602444247
0.2594058779
0.2588686427
0.2585361721
0.2580108587
0.2572139279
0.2580265905
0.2577187497
0.2577366461
0.2575340161
0.2578068275
0.257594311
0.2583966682
0.2576575309
0.2577037283
0.2569364552
0.2562754933
0.255831576
0.2551574583
0.2545286784
0.2551737847
0.2548022045
0.2543534987
0.2538737864
0.2533165723
0.2526777355
0.2521771002
0.2514538675
0.2523907534
0.2520162609
0.2522030928
0.2519471065
0.251680672
0.252834712
0.2527377023
0.2537436303
0.2536938791
0.2537895293
0.2540782706
0.2533478843
0.2529561282
0.2524507044
0.2521034046
0.251550996
0.2509399063
0.2505320836
0.2498452966
0.2494668538
0.2488198314
0.2498590385
0.2492942416
0.2507117345
0.2511223757
0.2504279379
0.2504483882
0.2499569045
0.2496657413
0.2493424227
0.2490259845
0.2484877526
0.2479783116
0.2477222392
0.2473018743
0.2467851849
0.2463959555
0.2457543972
0.2454596763
0.2450401303
0.2450525227
0.246109562
0.246101036
0.2471772582
0.2467690991
0.2466209028
0.2460481297
0.2455473421
0.2450002172
0.2445068074
0.2440433604
0.2437352927
0.2432273529
0.2429873832
0.2437001414
0.2433042253
0.2437290982
0.2431237864
0.2433594797
0.243912774
0.2440542824
0.2444056936
0.2440642048
0.2448796522
0.2444801958
0.2439597356
0.2434025154
0.2441172639
0.2441169372
0.2448980344
0.2445212737
0.2444197532
0.2443162365
0.2437501662
0.2433780213
0.2430677748
0.2427376235
0.2422884833
0.2417818165
0.2413868228
0.2408114925
0.2405483466
0.2404938489
0.2408320551
0.240296754
0.2406704288
0.2405863734
0.2400914974
0.2409503902
0.240960586
0.2413601145
0.2409381296
0.2405023757
0.2405559504
0.2400057488
0.2412155813
0.2411384435
0.2408426837
0.2403188926
0.2402617394
0.2408886382
0.2417499236
0.2412913977
0.2414579076
0.2419133555
0.2414217309
0.2409545114
0.2413268405
0.24088253
0.2411604658
0.2410581948
0.2405817223
0.2402623309
0.2412055476
0.2419598635
0.2415300365
0.2424455967
0.242003212
0.2419519184
0.2414226563
0.2418559354
0.2413766649
0.2419515381
0.2416181066
0.2411579202
0.241298421
0.2417999096
0.2415886041
0.2410826857
0.2407088709
0.240275792
0.2406154071
0.2402039562
0.2397356275
0.239732233
0.2399647893
0.2400693421
0.23967589
0.2392659
0.2389221074
0.2384571517
0.238172151
0.2387741603
0.2389090613
0.2390369836
0.2387391361
0.2393123337
0.2388956409
0.238915094
0.2384743809
0.2382821616
0.2380289503
0.237666825
0.2372161303
0.2367883811
0.2373738957
0.2373682209
0.236912509
0.2365484337
0.2364409523
0.2363901821
0.2359425095
0.2355657397
0.2355025115
0.235411019
0.2359389662
0.2364084576
0.2364485421
0.2360591956
0.2358969916
0.2361530086
0.2365131479
0.2364941873
0.2363607697
0.2362602423
0.2358052961
0.2361264598
0.2363991216
0.2363435263
0.2370410172
0.2367583922
0.2366942125
0.2364523675
0.236419872
0.2366461295
0.2365477389
0.2368922042
0.2376622245
0.2376524408
0.2376236127
0.2372034174
0.2372350822
0.2373596966
0.2379505177
0.237559116
0.2386213901
0.2387747763
0.2385784193
0.2382378491
0.238476135
0.2386301085
0.2397164158
0.2393174528
0.2397237353
0.2400533778
0.2398078804
0.2405930361
0.2406784711
0.2403076687
0.2404422131
0.2410314677
0.2409230142
0.2409072958
0.2407967796
0.2405479288
0.2403714058
0.2402634195
0.2398368149
0.2396249158
0.2393084822
0.239398158
0.2392150754
0.2391187125
0.2391799218
0.2389204604
0.2385620311
0.2382364914
0.2378236776
0.2385560938
0.239115938
0.238879081
0.2384719405
0.2381139021
0.2378977258
0.2375742118
0.2374388519
0.2378830334
0.2380522865
0.2383626195
0.2381496054
0.23820974
0.2381619532
0.2382059843
0.2380520463
0.2387319179
0.2387169789
0.2385120896
0.2384751086
0.2386198797
0.2382127673
0.238445311
0.2387694895
0.2383980837
0.2384824398
0.2381187234
0.238479153
0.2387389891
0.2385200652
0.2382292886
0.238120803
0.2378141258
0.2375653774
0.237246237
0.2376152355
0.2378992336
0.2381615204
0.2378642816
0.237494072
0.2371896723
0.2370593368
0.2371133389
0.2369007788
0.2366559409
0.2363456418
0.2364052244
0.2370507097
0.2371127737
0.2367424335
0.2366664931
0.2365354162
0.2366962458
0.2363685201
0.2367236598
0.236686814
0.2375938101
0.2373241684
0.2373333681
0.2373384394
0.2371426689
0.2367744026
0.2369459707
0.2370468425
0.2367797803
0.2366021638
0.236261195
0.2361628097
0.2365941713
0.2362444884
0.2359261432
0.2357553746
0.2362084405
0.2363150799
0.2362964227
0.2368039745
0.2373326379
0.2372350735
0.2369277589
0.2370122538
0.2368180073
0.2364724705
0.2371201998
0.2367607258
0.2365324269
0.2365033691
0.2362072649
0.2367642649
0.2368890634
0.236930284
0.2371824152
0.2372512158
0.2370081293
0.2370973885
0.2369822749
0.2366954012
0.2364292431
0.2365097388
0.236192286
0.2366606375
0.2366775529
0.2363682431
0.2360879976
0.2358785237
0.2355629312
0.2353851635
0.2356246362
0.2355011811
0.2357303563
0.2354704108
0.2359912455
0.2356928817
0.236158285
0.2367668294
0.2367982467
0.2364555099
0.2367135358
0.2363894936
0.2363682858
0.2361626197
0.2360756979
0.2367576749
0.2365564393
0.2362252514
0.2360923282
0.2358187301
0.2358561354
0.2355414623
0.2358993798
0.2361307691
0.2358468409
0.235552365
0.2352916948
0.2351756175
0.235649148
0.2363411823
0.2360733565
0.235990267
0.2359525493
0.2356877004
0.2364474053
0.2366913315
0.2365280083
0.2365323509
0.2362528283
0.2361754207
0.2363093812
0.2362992058
0.2360594085
0.235925556
0.2357747082
0.2355680318
0.2355675228
0.2359511338
0.2357797113
0.23597744
0.2358507824
0.2356759506
0.2355181875
0.2352179815
0.2349451092
0.2347015393
0.234403086
0.2345386896
0.2352516209
0.234974088
0.2350507176
0.2348742773
0.234649411
0.2344488261
0.23449285
0.2343020163
0.2343300228
0.2341948187
0.2343564552
0.2342978171
0.23400133
0.2341745901
0.2339950037
0.2337123355
0.2337115936
0.2338861291
0.2338989034
0.2337376968
0.2338618524
0.2339089313
0.2344816377
0.2342825159
0.2339869599
0.2343204565
0.2341825904
0.2340175324
0.2337852173
0.2335252902
0.2336110702
0.2334124209
0.2332826509
0.2334139184
0.2331232441
0.2329145805
0.2329013999
0.2326080304
0.2325846782
0.2325529832
0.232784938
0.2327449029
0.2326900685
0.232747636
0.2324541022
0.2325739326
0.2323817657
0.2322578475
0.2319705514
0.2317986851
0.2315567297
0.2313320281
0.2310649438
0.2308123758
0.2309528769
0.2307811793
0.2305386494
0.2305887434
0.2304531834
0.2303963034
0.2302026022
0.2306363051
0.2310629004
0.2312024254
0.2309869902
0.231491191
0.2317692962
0.2320040646
0.2318841052
0.2316156787
0.2314346098
0.2312483152
0.2313128122
0.231193508
0.2310722441
0.2308540134
0.2312888906
0.2313876483
0.2312117514
0.2309816498
0.230731228
0.2305768927
0.2306775819
0.2305987601
0.2312524718
0.2313448084
0.2312668195
0.2310552
0.2310120408
0.2314736252
0.2311942853
0.2309438383
0.230765023
0.2310020783
0.2310162274
0.2310787812
0.2308951588
0.2307539817
0.231050192
0.2312778526
0.2310237904
0.2313208859
0.2317275798
0.2315939411
0.2319838568
0.2317328784
0.2315977183
0.2319416523
0.231833152
0.2319247521
0.2316644325
0.2315338224
0.2317313274
0.2321859232
0.2322680471
0.2320766167
0.23229591
0.2327067144
0.2325793906
0.2325225969
0.2323155761
0.2321141324
0.231924411
0.2320926774
0.2321013925
0.231912451
0.231882348
0.2318315783
0.2319200958
0.2323454164
0.2321766871
0.2321450823
0.2319941998
0.2320619266
0.2319584746
0.232604478
0.2324452909
0.2323389521
0.2322326338
0.2320980854
0.2320903406
0.2324499009
0.2321869014
0.2320473804
0.2321115621
0.2320782226
0.2322432857
0.2320575092
0.2318552435
0.2320226528
0.2322768547
0.2323736843
0.2323427158
0.232515223
0.2327994182
0.2326101997
0.2323511461
0.2321675667
0.2319666003
0.2322191911
0.231967344
0.2318519595
0.2319075698
0.2318214238
0.2318150667
0.2316685088
0.2314503336
0.2312727875
0.2312807972
0.2311700374
0.2310668413
0.2309437446
0.2315531902
0.2318731996
0.2321730631
0.2319231232
0.2317948898
0.2316823062
0.2315411593
0.2313464511
0.2315075678
0.231556386
0.2315767432
0.2317165899
0.2317557665
0.2316162449
0.2319697086
0.2317723847
0.2320418172
0.2321724841
0.2321331223
0.2325241923
0.2324054807
0.2325910694
0.2328427253
0.2328821235
0.232856249
0.2326974546
0.2325985951
0.232517126
0.2325380527
0.2324804538
0.2323109328
0.232082049
0.2319108428
0.2320664084
0.2319603865
0.2325318183
0.2324190914
0.2322571682
0.2321748648
0.232240666
0.2320573994
0.2322019773
0.23197738
0.2318758346
0.2320631888
0.2322886502
0.2322859528
0.2321945084
0.2320113079
0.2318909729
0.231799405
0.2318577811
0.2317652136
0.2316182412
0.2314974949
0.23136017
0.2316983244
0.2314948135
0.2314409567
0.2317672809
0.2319295109
0.2318144122
0.2322803525
0.2322541123
0.2325380398
0.2325908072
0.2330248456
0.233325951
0.2332046695
0.2335741436
0.2336344242
0.2334119834
0.2332152706
0.2331135998
0.2332925807
0.2330963981
0.2330387346
0.2329011817
0.2328141266
0.2330375415
0.2329794166
0.2335377497
0.2333345729
0.2331210657
0.2334379074
0.2335090926
0.2334863136
0.2335347845
0.2334687026
0.2333035661
0.2332513311
0.2330958994
0.2328805657
0.232758365
0.2326118044
0.2323935536
0.2324759458
0.2329815782
0.2327869023
0.2327869703
0.2326643621
0.2325048065
0.2324781375
0.2324076112
0.2327064988
0.2326557027
0.2328518631
0.2327221846
0.2325718256
0.2325992473
0.2326393094
0.2327501929
0.2325599387
0.2324527618
0.2323860075
0.232300766
0.2323529206
0.2322091086
0.23221305
0.2320333419
0.231964473
0.2319581461
0.2322191219
0.2321811797
0.2320075367
0.2320783812
0.2323178252
0.2321956523
0.2324172794
0.2322207822
0.2320620522
0.2319883144
0.2318376346
0.2316933352
0.2318456501
0.232465489
0.2323098131
0.2322409072
0.2321763082
0.232606312
0.2326697456
0.2324820871
0.2325339141
0.2323935096
0.2324937166
0.2325196383
0.2324768302
0.2326239061
0.2324597941
0.2324333441
0.2325300936
0.2323277163
0.2322648927
0.2322140966
0.2321098337
0.2319379077
0.2317599315
0.2316788007
0.2315526017
0.2315958016
0.2316120854
0.2314457184
0.2315414747
0.2313521331
0.231436815
0.2313877568
0.2317386094
0.2316882935
0.231579463
0.2320595009
0.2319173809
0.2319924876
0.2317972765
0.232001972
0.2320632814
0.2323164623
0.2323191393
0.2324876467
0.2326551464
0.2328688752
0.2327717655
0.2327061266
0.2325583351
0.2326063893
0.2330875674
0.2329344655
0.232775346
0.2326642078
0.2327058388
0.2325927811
0.2324763832
0.2324117088
0.2322034278
0.2322972368
0.2322565815
0.232081287
0.2322809932
0.2322495054
0.232075517
0.2319066985
0.2317135182
0.2318792427
0.2317664239
0.2316277675
0.2315503973
0.2317700725
0.2316178622
0.2315809854
0.2315484205
0.2313568407
0.2311610245
0.2315931463
0.2319200419
0.2318454074
0.2316664973
0.2315571523
0.2317635104
0.2316206886
0.2314487706
0.2316713383
0.2316098898
0.2314453322
0.2313561309
0.2312746735
0.2311309501
0.2311037914
0.2311207488
0.2310894442
0.230933291
0.2310365378
0.2309327304
0.2309430703
0.2313167699
0.2312809006
0.231161777
0.2312563868
0.2315374648
0.2315561673
0.2314484128
0.231410079
0.2314930794
0.2314722726
0.2313285788
0.231371989
0.2315721081
0.2315270771
0.2317533126
0.2315871527
0.2315428283
0.2314313976
0.2316149301
0.2316067375
0.2314276445
0.231636013
0.2315766297
0.2316039616
0.2315135927
0.2315829053
0.2315269718
0.2313813012
0.2311934728
0.2311925298
0.2310893091
0.2313437511
0.2311866347
0.2313871332
0.2312527509
0.2312711813
0.2313043773
0.2312240433
0.2310991238
0.2309212412
0.2309368999
0.2310660591
0.2310627262
0.2308816401
0.2308503032
0.2307986662
0.2307773248
0.2308414923
0.2307716923
0.2309633169
0.2309430807
0.2311203923
0.2311142326
0.2310570143
0.2308863021
0.2308118683
0.2306755323
0.2305518546
0.230816999
0.2306629501
0.2305512549
0.2304628845
0.2302867016
0.2302994922
0.2303882886
0.2303312257
0.2306973135
0.2305244309
0.2303549028
0.2304310003
0.2302992982
0.2302060841
0.2301409502
0.2299901843
0.2298196528
0.2298071097
0.2296917202
0.229769229
0.2299403393
0.2299398225
0.2298821439
0.229907349
0.2300343733
0.2298876853
0.229765144
0.2296173788
0.2295448783
0.2298785483
0.2298941427
0.2298087067
0.2296764521
0.2295317255
0.2293779543
0.2294257757
0.2292925389
0.2293139346
0.2292991243
0.2291450664
0.2293240823
0.2291703668
0.2291278323
0.2291722317
0.2290401349
0.2289460258
0.2288799374
0.2287256182
0.2285729921
0.2285755846
0.228743251
0.2287254143
0.2287080842
0.2286361584
0.2285566566
0.2284305643
0.2283155616
0.2281687546
0.2280669818
0.2282671478
0.2283145655
0.2281702205
0.2283153611
0.2284851898
0.2283426106
0.2282290398
0.2281890081
0.2281894343
0.2280935195
0.2280611653
0.2281050695
0.228331397
0.2283660465
0.228293244
0.2281487795
0.2283533639
0.2283403002
0.2282178237
0.2281496915
0.2284477108
0.2283895644
0.2282434938
0.2282690759
0.2281244515
0.2284005152
0.2283113756
0.228187294
0.228043836
0.2279373873
0.2279036999
0.2279642777
0.2278890738
0.2278460968
0.2278245324
0.2276713198
0.2276056928
0.2274935821
0.2273604885
0.2272290157
0.227251867
0.2274828017
0.2275796845
0.2274342908
0.2273410065
0.2273040621
0.2273422156
0.2272525772
0.227154333
0.2271262678
0.2272568906
0.2271852044
0.2270329661
0.2271638538
0.2272272232
0.2270566945
0.2270691536
0.2272731432
0.2272701256
0.2272569677
0.227494484
0.2275908034
0.227502664
0.2274627034
0.22733005
0.2272054161
0.2270992027
0.226966608
0.2268928419
0.2268172595
0.2272712052
0.2273930685
0.2272491273
0.2273634712
0.227349192
0.2272346041
0.227143127
0.227297553
0.2273999201
0.2273132085
0.2272169572
0.2270968023
0.2269932901
0.2270822771
0.2269512525
0.2269778211
0.2268802706
0.2269287293
0.226871089
0.2270144521
0.226938353
0.2268360745
0.2268153987
0.2266588733
0.2267389199
0.2266149207
0.2265322471
0.226467296
0.2263767369
0.2262462846
0.2262078972
0.2262460257
0.2261579614
0.2260308295
0.225934978
0.2259985813
0.225924934
0.225792553
0.2257430996
0.2257570917
0.2256566985
0.2255641117
0.2254348911
0.225353731
0.2254015803
0.2254009143
0.2256960451
0.2258844493
0.2257524327
0.2256931136
0.22558881
0.2256418887
0.2256745468
0.2258440717
0.2261117866
0.2262791272
0.2264093775
0.2263317438
0.2263321436
0.2262138316
0.2261567264
0.2260779139
0.226127967
0.2260067302
0.2260410172
0.2262045613
0.2261079918
0.2261899346
0.2262479604
0.2261742161
0.2263763214
0.2263516845
0.2263471784
0.2264253569
0.2264796988
0.2266307056
0.2267974505
0.2267742093
0.2268112805
0.2267434816
0.2266723027
0.2266387762
0.2266513215
0.2265762064
0.2264969248
0.2264543416
0.2264542111
0.2263725107
0.2262860305
0.2262742953
0.2261861513
0.2262545315
0.2261589854
0.226208427
0.2261063734
0.2261383778
0.226353574
0.2263700093
0.2262741924
0.2261912117
0.2263647315
0.2265079642
0.2264477897
0.2263787106
