0.25
0.25
0.25
0.25
0.25
0.2339178733
0.23621532
0.216771825
0.2090734802
0.2123528562
0.2174232507
0.2132904389
0.2060812301
0.1977098206
0.2016454919
0.1991806212
0.2219512421
0.2103236176
0.2029399708
0.2183785381
0.2166842745
0.215728436
0.2081353427
0.235293136
0.2380135519
0.2299236326
0.2477838807
0.2596826293
0.2523675663
0.2461801381
0.2560186049
0.2483845513
0.2576428395
0.2613866791
0.2565322612
0.2598552934
0.2569964963
0.2550745829
0.2530183853
0.2494240124
0.2471077405
0.2425550424
0.2369649893
0.2321007191
0.2273438556
0.2224803813
0.2299666843
0.2347569823
0.2333042216
0.241742647
0.2405261184
0.2415176585
0.2434941819
0.2390273776
0.237094946
0.2366226127
0.2339251833
0.2299939228
0.2359141686
0.2370109242
0.2425754234
0.2396490852
0.2443191638
0.2455373533
0.2422883882
0.2405128624
0.2425416794
0.2452344762
0.2420264781
0.2386767874
0.2436819052
0.2479798553
0.2449682593
0.2422647705
0.2392906325
0.2377038351
0.240896144
0.242500205
0.2422617566
0.2393840754
0.236666116
0.2338526061
0.2371325742
0.2356547676
0.236612598
0.2339448857
0.2315443705
0.2289402019
0.2270548339
0.2246406386
0.2250042451
0.2226418049
0.223098692
0.2207494461
0.2219084523
0.2197190368
0.2247310635
0.222682821
0.2278630877
0.2267891021
0.2272952319
0.2261000936
0.2240216764
0.2257846971
0.2274802916
0.227255597
0.2254081024
0.230897853
0.2330517237
0.2309568564
0.2339100041
0.2335523726
0.2348342942
0.2330356365
0.2310515203
0.2324591258
0.2319697387
0.2319545651
0.2327690587
0.2314742769
0.2295796003
0.2295468741
0.2305024763
0.2305527055
0.2287831683
0.2280705618
0.2285054449
0.2288337212
0.2289431529
0.2327277198
0.2311702285
0.2311538639
0.2311228814
0.2294115125
0.2278468082
0.2267238965
0.2254128196
0.2261663183
0.2261487155
0.2245516341
0.2279580835
0.2276862958
0.228872605
0.2276529087
0.227501249
0.2267615725
0.2258942768
0.2274265675
0.2259852617
0.2260826937
0.2287704215
0.2333005012
0.2349438718
0.2352178666
0.2396295514
0.2395582894
0.2409902372
0.2429476866
0.2417550851
0.2415250304
0.2421196511
0.241734709
0.2414619691
0.2422957401
0.2408891298
0.2414465772
0.2403694926
0.2397209019
0.2397677934
0.2397245735
0.2387430437
0.2383837121
0.237981576
0.236774013
0.2374517099
0.2366120428
0.235500766
0.2356826063
0.2380176537
0.2376672302
0.2367560195
0.236302747
0.2359908942
0.2373610407
0.2370248134
0.2368115513
0.2375924478
0.2381669714
0.2371013687
0.2360634461
0.2349666165
0.2347492413
0.2336280689
0.2336724662
0.2360732487
0.2359061394
0.2347800833
0.2349661869
0.2367670165
0.2356390333
0.2358658476
0.2354239609
0.2350576249
0.236833536
0.2377856504
0.236676819
0.2367154272
0.2367502424
0.2373690713
0.2372353517
0.2361468361
0.2364669401
0.2365313208
0.2354786876
0.2344254323
0.2348120128
0.2349470913
0.2342654163
0.2334988559
0.2326717408
